-49947263
-49899869
-49880376
-49874087
-49873743
-49854295
-49847410
-49828002
-49792311
-49767867
-49756959
-49722050
-49720714
-49718661
-49707967
-49701379
-49694987
-49679538
-49640800
-49631522
-49630732
-49627017
-49625648
-49615178
-49609129
-49597647
-49587273
-49585705
-49580309
-49578427
-49573750
-49555243
-49532564
-49513940
-49497053
-49492809
-49468155
-49468018
-49425780
-49420281
-49410190
-49386937
-49366270
-49363580
-49355968
-49329759
-49323372
-49322603
-49289772
-49280318
-49271892
-49271468
-49253506
-49235800
-49234877
-49227922
-49212054
-49210551
-49203782
-49197300
-49190736
-49188125
-49182863
-49161674
-49145692
-49135567
-49113286
-49092478
-49086599
-49083047
-49063084
-49062229
-49030373
-49029301
-48984569
-48977574
-48965397
-48949743
-48918195
-48916523
-48904740
-48892313
-48868855
-48863971
-48860517
-48860181
-48841209
-48778843
-48777759
-48759508
-48743405
-48731721
-48727370
-48721229
-48686736
-48682302
-48650774
-48647216
-48644580
-48639481
-48632815
-48631720
-48627620
-48616998
-48612582
-48583520
-48562803
-48556796
-48544810
-48543276
-48533104
-48525708
-48524801
-48513736
-48508250
-48500723
-48498658
-48468644
-48462446
-48453832
-48451219
-48449667
-48441057
-48426298
-48421193
-48412542
-48401364
-48399442
-48388990
-48370927
-48367861
-48351167
-48342008
-48338102
-48323094
-48317100
-48315421
-48307970
-48303987
-48297062
-48288853
-48279729
-48265325
-48240907
-48234431
-48228161
-48227066
-48221926
-48220026
-48219291
-48198204
-48193614
-48179121
-48178517
-48175636
-48174255
-48151711
-48143824
-48133216
-48121016
-48116231
-48105260
-48100816
-48093743
-48053207
-48045378
-48034618
-48017134
-48006113
-47986514
-47962878
-47962433
-47953149
-47952058
-47944177
-47913470
-47896517
-47887837
-47855255
-47828632
-47828235
-47828204
-47820914
-47805653
-47804458
-47804440
-47796496
-47792437
-47792160
-47790735
-47787761
-47782690
-47771029
-47754152
-47730400
-47730164
-47728434
-47719956
-47715761
-47695997
-47679908
-47655842
-47655623
-47640059
-47636747
-47611351
-47588578
-47583408
-47582404
-47558486
-47537637
-47533572
-47521293
-47503462
-47503270
-47497511
-47494662
-47485987
-47480011
-47458569
-47447479
-47423917
-47420906
-47407313
-47404911
-47401460
-47401371
-47396257
-47395070
-47384194
-47382448
-47378637
-47366382
-47350135
-47340915
-47314455
-47311749
-47308973
-47293434
-47277219
-47276659
-47274729
-47265229
-47246192
-47245085
-47232726
-47220827
-47219148
-47212171
-47193292
-47192486
-47171606
-47159274
-47110196
-47108405
-47106823
-47099291
-47083365
-47077023
-47075519
-47074248
-47068430
-47057645
-47055246
-47047541
-47043293
-47042573
-47033380
-47027717
-47023293
-47004875
-46999101
-46995115
-46987963
-46982901
-46982505
-46964227
-46953548
-46952267
-46942836
-46935146
-46934716
-46920439
-46919947
-46913265
-46910922
-46906977
-46898791
-46890059
-46884929
-46856558
-46856334
-46850790
-46848055
-46817675
-46816640
-46815775
-46798112
-46785420
-46783939
-46770127
-46755289
-46740582
-46740354
-46734408
-46702985
-46700243
-46697912
-46683189
-46676600
-46668815
-46666303
-46652959
-46636092
-46621191
-46611199
-46602151
-46591504
-46561349
-46557740
-46540950
-46532420
-46526836
-46521619
-46512832
-46493493
-46490273
-46486407
-46472363
-46467496
-46466041
-46444231
-46437930
-46420914
-46417209
-46394607
-46388082
-46384695
-46365294
-46357885
-46355744
-46346256
-46337888
-46337407
-46329649
-46311816
-46289978
-46284685
-46284328
-46278918
-46277363
-46268891
-46268136
-46264785
-46242763
-46240739
-46240202
-46233967
-46222658
-46221844
-46206568
-46193963
-46188331
-46153648
-46152096
-46151438
-46148520
-46128477
-46127456
-46121334
-46115299
-46104319
-46101250
-46095352
-46092019
-46084625
-46070808
-46066598
-46022041
-46018684
-45995226
-45993266
-45980149
-45975155
-45971635
-45962661
-45945012
-45940704
-45917601
-45909925
-45909479
-45906718
-45904179
-45884729
-45883291
-45875328
-45874240
-45854442
-45853672
-45844096
-45839893
-45819712
-45803061
-45802775
-45801338
-45794983
-45786489
-45783991
-45775709
-45775257
-45773871
-45739142
-45738729
-45700020
-45689086
-45644351
-45634498
-45600167
-45599419
-45587401
-45581994
-45567146
-45566801
-45541654
-45528288
-45520482
-45496869
-45490561
-45483173
-45476668
-45451487
-45425237
-45424077
-45418176
-45377597
-45362938
-45354758
-45353436
-45344551
-45342190
-45330455
-45321902
-45319120
-45316678
-45309351
-45308672
-45296240
-45296232
-45292273
-45288325
-45276963
-45272544
-45256821
-45244353
-45231391
-45227218
-45221860
-45218178
-45205962
-45205188
-45194297
-45160910
-45155074
-45143926
-45143841
-45136764
-45129166
-45124927
-45124403
-45122310
-45117545
-45105774
-45098814
-45097120
-45094052
-45090940
-45066238
-45043885
-45041157
-45031197
-45024262
-44989295
-44980535
-44967602
-44967466
-44965057
-44956375
-44944231
-44935594
-44919989
-44914198
-44880619
-44869123
-44864928
-44853269
-44846582
-44846000
-44840889
-44840050
-44834059
-44834029
-44820792
-44813217
-44805403
-44804136
-44767110
-44753292
-44733977
-44732555
-44725583
-44725101
-44715387
-44711852
-44706186
-44699844
-44687873
-44679177
-44660209
-44652643
-44652614
-44630578
-44614989
-44613412
-44609826
-44607627
-44581843
-44570989
-44563928
-44533708
-44532620
-44518622
-44513197
-44492494
-44482297
-44480299
-44467142
-44463984
-44455760
-44450959
-44435237
-44426600
-44408440
-44394946
-44367776
-44346192
-44331370
-44318205
-44301830
-44295253
-44285757
-44273945
-44268247
-44263095
-44257131
-44256546
-44254764
-44249871
-44245448
-44233182
-44212700
-44194078
-44193617
-44191654
-44188653
-44184238
-44170509
-44160423
-44158160
-44151740
-44150744
-44147825
-44143491
-44111464
-44096389
-44095716
-44091916
-44084473
-44074189
-44059257
-44051040
-44042474
-44034130
-44032146
-44028070
-44010046
-43985785
-43985095
-43969175
-43968136
-43951719
-43946755
-43944806
-43940970
-43937126
-43931007
-43920001
-43915853
-43906987
-43887628
-43883258
-43883104
-43874563
-43872610
-43859760
-43843890
-43843138
-43841026
-43826606
-43818544
-43818513
-43817779
-43801240
-43790377
-43779987
-43775310
-43768706
-43757128
-43747001
-43743844
-43731777
-43727657
-43705770
-43696268
-43692001
-43677082
-43674061
-43674044
-43672003
-43664834
-43660199
-43630150
-43597927
-43597075
-43576984
-43566843
-43539116
-43477821
-43471766
-43448185
-43445545
-43400084
-43398659
-43383898
-43382688
-43381723
-43364202
-43355010
-43346613
-43345858
-43342542
-43327142
-43319983
-43314970
-43299893
-43291901
-43288981
-43288561
-43281724
-43266743
-43265211
-43256010
-43245053
-43236482
-43227004
-43217675
-43204560
-43193334
-43180567
-43176340
-43161062
-43123602
-43092494
-43080548
-43076941
-43068590
-43060465
-43048829
-43031211
-43028851
-43028237
-43003419
-42990762
-42977405
-42965653
-42956057
-42954892
-42949000
-42939362
-42936053
-42914750
-42908350
-42907552
-42890938
-42888039
-42884657
-42878501
-42848741
-42840968
-42809221
-42802722
-42783584
-42775021
-42748673
-42741415
-42725599
-42707993
-42702370
-42689165
-42688426
-42684653
-42675359
-42656353
-42648785
-42647728
-42635303
-42631466
-42630199
-42620717
-42614947
-42610191
-42604256
-42597746
-42592205
-42590451
-42554318
-42550844
-42529754
-42525879
-42521759
-42508663
-42503065
-42502539
-42499097
-42495635
-42494981
-42493432
-42491424
-42486638
-42485315
-42438935
-42429772
-42417273
-42414025
-42400966
-42393893
-42390914
-42388475
-42384970
-42384584
-42373012
-42371902
-42350068
-42332846
-42316492
-42303347
-42297105
-42288907
-42272580
-42249878
-42230462
-42216926
-42210223
-42199649
-42186812
-42162755
-42161824
-42160363
-42150884
-42145784
-42142467
-42127384
-42126167
-42111117
-42109855
-42097125
-42093388
-42083860
-42078313
-42072892
-42067767
-42049577
-42032198
-42021117
-42002799
-42000517
-41996743
-41994368
-41990907
-41984807
-41984340
-41977213
-41975275
-41963274
-41959435
-41958985
-41940136
-41935187
-41925731
-41913262
-41905464
-41893691
-41890782
-41887990
-41880104
-41873442
-41869724
-41863745
-41851667
-41836275
-41835257
-41832407
-41827956
-41825011
-41820412
-41808869
-41802698
-41779254
-41778707
-41775648
-41760527
-41749719
-41730317
-41724724
-41722371
-41721324
-41708073
-41698390
-41679704
-41677602
-41676674
-41655229
-41653554
-41617317
-41608161
-41603198
-41599648
-41577484
-41577368
-41562827
-41558739
-41544892
-41544431
-41525015
-41524353
-41523063
-41515484
-41513953
-41488348
-41482229
-41478565
-41474871
-41469874
-41463407
-41447551
-41445763
-41443873
-41428600
-41424665
-41421638
-41415624
-41407768
-41384191
-41359391
-41357482
-41351683
-41348217
-41323828
-41300715
-41296450
-41284765
-41256316
-41249359
-41240282
-41233922
-41230004
-41214785
-41212328
-41186142
-41181219
-41168280
-41133312
-41128564
-41128555
-41120722
-41118211
-41112572
-41104665
-41083662
-41079769
-41075003
-41074002
-41054859
-41035272
-41018291
-41017077
-41011200
-41004150
-41001360
-40992109
-40990965
-40983283
-40982813
-40959289
-40958941
-40958683
-40946202
-40939959
-40930373
-40919883
-40917134
-40916566
-40910410
-40907586
-40872372
-40849821
-40849662
-40837252
-40823277
-40820674
-40817201
-40813858
-40803642
-40798962
-40794447
-40782574
-40747760
-40694939
-40689137
-40688484
-40687153
-40675258
-40656291
-40647537
-40622805
-40614076
-40610501
-40609775
-40591978
-40589794
-40557085
-40556715
-40533313
-40524725
-40518857
-40512510
-40511460
-40470272
-40469914
-40455587
-40453696
-40453357
-40453207
-40452215
-40422582
-40415840
-40407969
-40388026
-40367118
-40355918
-40351102
-40350681
-40350442
-40350223
-40340446
-40335554
-40321312
-40318265
-40309880
-40309104
-40295497
-40242486
-40228162
-40212114
-40197534
-40159025
-40153350
-40151950
-40142251
-40142162
-40138471
-40136617
-40133044
-40121333
-40119924
-40080315
-40077413
-40072434
-40072322
-40054980
-40044306
-40040832
-40033486
-40012444
-40008468
-40006978
-39990374
-39989028
-39985668
-39973535
-39959138
-39952007
-39947944
-39946093
-39936000
-39919115
-39906189
-39901293
-39890149
-39883280
-39877954
-39877888
-39863860
-39859637
-39851363
-39847223
-39843827
-39841682
-39836846
-39831618
-39818450
-39818181
-39811830
-39810873
-39809387
-39805504
-39793965
-39780323
-39776647
-39775418
-39766047
-39756608
-39744056
-39729446
-39724443
-39723820
-39717710
-39710155
-39704451
-39693076
-39679091
-39678188
-39662010
-39658085
-39651402
-39626673
-39619537
-39612477
-39609616
-39596261
-39596039
-39591112
-39582771
-39560140
-39550481
-39547833
-39518693
-39508557
-39465098
-39456680
-39449478
-39440019
-39382635
-39367632
-39357013
-39346147
-39338220
-39336057
-39319034
-39316660
-39314225
-39307182
-39297882
-39294771
-39279445
-39276651
-39241548
-39234906
-39216689
-39216065
-39211128
-39209253
-39207311
-39203175
-39196999
-39196317
-39194321
-39191042
-39186817
-39184975
-39166578
-39165995
-39160575
-39154231
-39147335
-39139181
-39121542
-39091803
-39087370
-39084102
-39081677
-39077197
-39050849
-39038626
-39006206
-39005795
-39005053
-39001868
-38988494
-38961886
-38947023
-38942447
-38926172
-38923275
-38907728
-38892962
-38886293
-38882332
-38863784
-38863630
-38859385
-38839653
-38837857
-38837147
-38799509
-38795553
-38795267
-38759980
-38756866
-38747103
-38742175
-38727654
-38707522
-38687420
-38685703
-38671768
-38666586
-38617185
-38600660
-38598321
-38581141
-38570076
-38565010
-38550138
-38547519
-38543860
-38486644
-38476863
-38470731
-38462099
-38455608
-38453851
-38413480
-38411617
-38385477
-38285068
-38282847
-38256851
-38248115
-38242290
-38241264
-38239401
-38214958
-38205972
-38196020
-38176985
-38176522
-38167589
-38148121
-38138563
-38132410
-38127129
-38124065
-38113977
-38092061
-38073891
-38073353
-38070670
-38070152
-38067638
-38047697
-38037034
-38001061
-37996197
-37989530
-37988267
-37976077
-37947544
-37945470
-37944440
-37915314
-37903981
-37903856
-37901175
-37889141
-37879830
-37857265
-37840850
-37830695
-37771393
-37767162
-37765559
-37764721
-37763735
-37745536
-37743778
-37742856
-37700467
-37677659
-37669241
-37655688
-37642112
-37622374
-37616139
-37610252
-37602791
-37602624
-37602275
-37594670
-37558189
-37543864
-37542252
-37524042
-37522955
-37521960
-37520351
-37511830
-37488817
-37481948
-37466129
-37465984
-37459828
-37445672
-37436230
-37429630
-37423988
-37414179
-37397873
-37396548
-37377662
-37375020
-37359139
-37351174
-37350864
-37325993
-37321115
-37309306
-37303543
-37294213
-37293777
-37280314
-37276752
-37267364
-37258520
-37258346
-37243879
-37242033
-37213431
-37209948
-37184316
-37174303
-37157434
-37150110
-37141755
-37140158
-37138712
-37116939
-37101669
-37100112
-37097634
-37085317
-37081898
-37070494
-37067601
-37065891
-37043131
-37042927
-37029119
-37006475
-36999375
-36998859
-36990812
-36986201
-36977969
-36949640
-36949111
-36928598
-36924117
-36919269
-36899888
-36882640
-36879639
-36866047
-36855637
-36845302
-36843688
-36841160
-36824385
-36815228
-36812848
-36800639
-36789784
-36779560
-36779220
-36768150
-36763462
-36763175
-36760552
-36751103
-36731155
-36715845
-36707727
-36707028
-36702112
-36699836
-36682908
-36682696
-36673787
-36656250
-36654284
-36651392
-36647525
-36635789
-36635516
-36592341
-36576459
-36568304
-36559479
-36554129
-36540098
-36537894
-36536725
-36523824
-36511820
-36492981
-36488681
-36482175
-36476014
-36475910
-36473858
-36464585
-36442631
-36439765
-36428450
-36423198
-36402520
-36393247
-36391012
-36388949
-36377851
-36374661
-36363082
-36360037
-36358710
-36355255
-36349085
-36331587
-36306470
-36301283
-36294047
-36280681
-36270894
-36267827
-36262851
-36248566
-36242339
-36241854
-36237323
-36216567
-36208060
-36181175
-36175602
-36174955
-36162622
-36160990
-36129549
-36127596
-36127355
-36103703
-36096642
-36070726
-36060938
-36053452
-36046320
-36044807
-36023323
-36000937
-36000402
-35993998
-35958684
-35939034
-35935588
-35919118
-35916486
-35915298
-35907474
-35879779
-35872912
-35868538
-35858968
-35854217
-35852316
-35850330
-35824677
-35822615
-35819715
-35802794
-35796590
-35782253
-35778032
-35773685
-35770168
-35763545
-35754061
-35736915
-35729421
-35723921
-35721613
-35720027
-35700157
-35696720
-35694841
-35692793
-35681306
-35661438
-35650521
-35644177
-35642785
-35634730
-35634646
-35621368
-35610564
-35595160
-35586327
-35555996
-35548599
-35547818
-35545476
-35538705
-35532495
-35529639
-35497872
-35478060
-35470526
-35464748
-35463392
-35438517
-35411563
-35410440
-35407084
-35402290
-35379476
-35376998
-35371042
-35367447
-35336388
-35334676
-35325869
-35316053
-35314695
-35293650
-35267516
-35267406
-35261834
-35244026
-35227335
-35217807
-35202983
-35193402
-35166933
-35164809
-35160079
-35153570
-35150824
-35140901
-35128720
-35124179
-35122586
-35111848
-35108388
-35107824
-35101329
-35098035
-35097041
-35096655
-35093610
-35093158
-35086877
-35082760
-35077879
-35066475
-35029890
-35018195
-35014337
-34979338
-34964436
-34963757
-34942678
-34929373
-34908335
-34905381
-34904985
-34904117
-34893034
-34890032
-34864606
-34850752
-34821226
-34800296
-34792746
-34790135
-34783119
-34773889
-34752085
-34750329
-34742085
-34732232
-34732231
-34727826
-34727534
-34721690
-34711436
-34710026
-34707866
-34707318
-34694584
-34678790
-34677314
-34675041
-34673560
-34671712
-34637713
-34635386
-34634022
-34629653
-34614873
-34587435
-34581474
-34557531
-34545331
-34544293
-34512689
-34500353
-34498094
-34490857
-34489195
-34466436
-34456569
-34450763
-34446788
-34440324
-34428664
-34427328
-34420666
-34417500
-34401836
-34401705
-34386584
-34379284
-34377462
-34366802
-34359887
-34343509
-34341788
-34340214
-34322399
-34320028
-34311210
-34304235
-34300395
-34297438
-34291672
-34289811
-34280078
-34278364
-34261964
-34251714
-34237241
-34235928
-34225870
-34218736
-34212351
-34200384
-34196180
-34189527
-34184548
-34181176
-34167846
-34165835
-34148748
-34147089
-34132268
-34130023
-34128550
-34122209
-34110448
-34102316
-34093413
-34082539
-34070207
-34061538
-34039585
-34038921
-34025427
-34011359
-34007810
-34000240
-33995913
-33973366
-33962610
-33954214
-33948887
-33948530
-33945252
-33942400
-33916661
-33916325
-33900095
-33898291
-33884161
-33876570
-33873914
-33861574
-33858482
-33847274
-33827459
-33822542
-33806280
-33795937
-33793269
-33790702
-33780720
-33764997
-33761550
-33749980
-33738043
-33737165
-33733193
-33703307
-33697204
-33694295
-33688463
-33663868
-33648807
-33627302
-33613836
-33608739
-33600760
-33598718
-33594258
-33592147
-33584484
-33578327
-33572714
-33570504
-33544777
-33536502
-33532261
-33502479
-33502381
-33498414
-33493492
-33474397
-33470103
-33467859
-33457371
-33457135
-33450733
-33418042
-33399647
-33397363
-33383812
-33376514
-33374405
-33373127
-33323424
-33321200
-33313097
-33288604
-33277147
-33265669
-33261432
-33258839
-33256378
-33254765
-33221352
-33203678
-33201904
-33198812
-33195929
-33190284
-33189563
-33181847
-33167258
-33158929
-33142993
-33141148
-33136772
-33116750
-33115243
-33112498
-33111214
-33111077
-33101217
-33089509
-33074643
-33058170
-33057096
-33056078
-33054080
-33048353
-33047798
-33042807
-33038856
-33037957
-33030449
-33023861
-33016929
-33008704
-32987167
-32986928
-32970390
-32966699
-32947501
-32939713
-32935233
-32922728
-32921544
-32904857
-32903532
-32898525
-32884077
-32868705
-32858898
-32854277
-32852805
-32850759
-32841277
-32821783
-32819548
-32790171
-32781845
-32780991
-32778346
-32770499
-32746654
-32743142
-32738565
-32735181
-32719346
-32650651
-32638321
-32610296
-32608593
-32603188
-32601974
-32601849
-32584602
-32573738
-32537428
-32521740
-32509742
-32499282
-32497723
-32497054
-32482899
-32479524
-32476026
-32468519
-32455360
-32440092
-32431652
-32428903
-32424680
-32405944
-32400146
-32389089
-32381406
-32372853
-32372058
-32368605
-32358769
-32356728
-32324298
-32319142
-32293114
-32285466
-32285261
-32271488
-32260910
-32233014
-32196989
-32189347
-32184675
-32184240
-32167602
-32154627
-32152061
-32142455
-32134875
-32118732
-32101471
-32098526
-32082292
-32078503
-32033425
-32023905
-32008012
-32003005
-31996250
-31987300
-31957539
-31953214
-31946118
-31937342
-31935020
-31916039
-31905578
-31894243
-31893520
-31892490
-31889798
-31888141
-31877184
-31876666
-31863681
-31828307
-31822905
-31796624
-31788736
-31777225
-31762251
-31745169
-31742810
-31742573
-31733909
-31729672
-31729402
-31718555
-31715239
-31707569
-31700108
-31665927
-31654710
-31648201
-31636126
-31630231
-31628707
-31626891
-31619434
-31618288
-31599197
-31595892
-31589079
-31534693
-31533923
-31520732
-31511156
-31497601
-31472658
-31468666
-31462125
-31456015
-31424691
-31423799
-31423607
-31405317
-31400291
-31392276
-31382690
-31325341
-31316442
-31315477
-31313331
-31302695
-31277433
-31270190
-31269724
-31254556
-31218540
-31217961
-31213695
-31213622
-31207837
-31201002
-31191947
-31189297
-31182657
-31171275
-31159013
-31151379
-31148912
-31131860
-31125238
-31118084
-31106639
-31104973
-31088604
-31088167
-31050808
-31043951
-31035165
-31015450
-31013516
-31008416
-30993866
-30985378
-30980810
-30964063
-30941572
-30933412
-30931560
-30926295
-30911469
-30905476
-30896500
-30884578
-30876110
-30873675
-30871677
-30870225
-30868742
-30867096
-30857961
-30843546
-30842586
-30841177
-30812405
-30804881
-30801006
-30789406
-30780678
-30773783
-30761722
-30752592
-30724302
-30720062
-30717642
-30716569
-30696751
-30684366
-30654348
-30647675
-30647471
-30641897
-30640600
-30616869
-30611023
-30606595
-30602723
-30599830
-30583062
-30582125
-30572714
-30569636
-30569296
-30543635
-30540726
-30536766
-30530112
-30527149
-30526975
-30526428
-30525065
-30521494
-30506776
-30502728
-30490308
-30480129
-30462969
-30445393
-30440766
-30419205
-30407600
-30402166
-30397798
-30395494
-30386259
-30385436
-30382792
-30372436
-30371412
-30367180
-30365639
-30355718
-30346645
-30345179
-30336964
-30335686
-30331878
-30307530
-30300813
-30281262
-30269451
-30255507
-30251332
-30245582
-30227656
-30226326
-30218674
-30217613
-30206424
-30205852
-30187803
-30182010
-30154963
-30153741
-30137722
-30135616
-30127538
-30104028
-30103565
-30099984
-30097108
-30090689
-30085768
-30080261
-30071241
-30045443
-30025478
-30002577
-29995747
-29990622
-29980683
-29968728
-29962535
-29961469
-29960009
-29944071
-29943757
-29942248
-29938779
-29924184
-29898124
-29880252
-29878928
-29871807
-29852495
-29846549
-29843106
-29837826
-29804020
-29803465
-29794214
-29792642
-29774465
-29763383
-29756038
-29746089
-29736991
-29722206
-29717002
-29713746
-29713745
-29713605
-29713527
-29709241
-29685251
-29676550
-29664211
-29657134
-29635321
-29628452
-29626809
-29615373
-29600796
-29598365
-29587126
-29582050
-29578305
-29575924
-29571264
-29568796
-29566314
-29555705
-29549920
-29547649
-29542802
-29537126
-29527219
-29525296
-29509338
-29489725
-29459258
-29441652
-29404698
-29387957
-29387731
-29378434
-29375261
-29372847
-29370300
-29363774
-29337970
-29332785
-29324812
-29320218
-29315665
-29296095
-29266245
-29237723
-29226202
-29212033
-29209382
-29183638
-29177054
-29173887
-29154600
-29147504
-29129282
-29124710
-29113421
-29111810
-29106781
-29095911
-29067344
-29057233
-29057023
-29043261
-29018823
-29010915
-28995530
-28992681
-28962450
-28957345
-28934841
-28931234
-28929735
-28925687
-28911709
-28899518
-28899480
-28876024
-28874164
-28863849
-28850132
-28830262
-28829671
-28828691
-28819084
-28810405
-28808684
-28796357
-28774810
-28770390
-28768064
-28760412
-28757704
-28738531
-28724522
-28716202
-28700562
-28699767
-28697703
-28695062
-28693251
-28685678
-28683209
-28675205
-28673527
-28655734
-28646164
-28643481
-28642537
-28637612
-28635669
-28635215
-28631874
-28609808
-28607050
-28581309
-28566174
-28561151
-28540266
-28532820
-28532213
-28526613
-28523182
-28519767
-28515654
-28492032
-28484080
-28483797
-28474580
-28459007
-28456244
-28454570
-28443568
-28420883
-28412025
-28401557
-28383310
-28377737
-28346849
-28344076
-28343789
-28306895
-28296510
-28254381
-28254153
-28235937
-28235875
-28234097
-28223964
-28213048
-28205883
-28184526
-28182011
-28171803
-28161455
-28161047
-28118903
-28116910
-28113908
-28107338
-28106605
-28099149
-28081885
-28051577
-28049818
-28026634
-28021815
-28020089
-28017053
-28014222
-28006985
-28004416
-27967557
-27965013
-27956763
-27953035
-27939898
-27909977
-27908266
-27903933
-27892835
-27890901
-27889338
-27886596
-27881351
-27877006
-27836977
-27835676
-27797674
-27791731
-27780621
-27778030
-27772106
-27767771
-27766628
-27763071
-27757932
-27753959
-27733166
-27731750
-27731160
-27729802
-27700909
-27693414
-27680298
-27680090
-27667709
-27656368
-27648337
-27644823
-27641337
-27639076
-27633249
-27633103
-27627003
-27624177
-27619860
-27619427
-27610731
-27608719
-27601089
-27593254
-27553391
-27551962
-27551108
-27544982
-27532522
-27530944
-27528691
-27524313
-27513003
-27474668
-27472782
-27459763
-27458089
-27432895
-27383774
-27361259
-27342139
-27340305
-27330784
-27322358
-27301584
-27267796
-27265888
-27262938
-27262368
-27248669
-27233235
-27227216
-27209580
-27199992
-27191939
-27182387
-27172484
-27170125
-27166663
-27161568
-27161317
-27127704
-27126991
-27123430
-27105053
-27092786
-27089653
-27050622
-27049409
-27016104
-27010240
-27009144
-27001902
-26987861
-26985936
-26983611
-26974557
-26964721
-26963818
-26961804
-26960730
-26958084
-26956532
-26955660
-26926064
-26887891
-26887147
-26870000
-26849714
-26849302
-26832168
-26822938
-26821401
-26810799
-26783122
-26772085
-26753971
-26752810
-26749960
-26730477
-26728688
-26685814
-26684130
-26673412
-26671524
-26661244
-26644103
-26640470
-26632912
-26632324
-26631398
-26627829
-26619382
-26609266
-26608365
-26607956
-26606258
-26605997
-26604090
-26602056
-26586410
-26575240
-26570521
-26565963
-26556954
-26544702
-26479572
-26476468
-26469400
-26459036
-26441108
-26435279
-26426271
-26419997
-26418065
-26415590
-26407837
-26400905
-26400504
-26396631
-26392012
-26391580
-26380842
-26355226
-26347529
-26342748
-26337235
-26325978
-26322357
-26317247
-26298798
-26298724
-26295608
-26291691
-26290731
-26258651
-26249619
-26235850
-26234123
-26232679
-26230704
-26223248
-26211504
-26196130
-26187465
-26182823
-26161954
-26156602
-26140246
-26133170
-26117631
-26112953
-26054551
-26050424
-26049891
-26049398
-26024538
-26018963
-26015151
-26005867
-25995168
-25992461
-25961061
-25945978
-25930193
-25896154
-25864497
-25858814
-25856625
-25856228
-25846314
-25826979
-25816931
-25800490
-25790496
-25786216
-25781359
-25771292
-25770053
-25762405
-25754820
-25742886
-25740306
-25735576
-25717025
-25713652
-25705079
-25701819
-25686393
-25684851
-25682809
-25678098
-25676259
-25667664
-25648159
-25638990
-25638901
-25637867
-25634488
-25631914
-25604954
-25601447
-25547834
-25537698
-25485395
-25483536
-25479697
-25476871
-25457417
-25423828
-25421103
-25419715
-25398659
-25379758
-25355444
-25337594
-25322127
-25321490
-25314957
-25309840
-25301944
-25300071
-25274967
-25271510
-25265405
-25254871
-25251931
-25250487
-25213929
-25213812
-25206307
-25203266
-25200164
-25198736
-25196785
-25188519
-25185256
-25157949
-25151670
-25136969
-25135691
-25134929
-25133596
-25123600
-25111980
-25109831
-25105906
-25103809
-25102887
-25097544
-25082096
-25054401
-25036874
-25030243
-25004153
-25001482
-24997061
-24979807
-24973030
-24968652
-24961140
-24943884
-24942381
-24932923
-24921946
-24893521
-24892370
-24880816
-24860514
-24859621
-24856854
-24849935
-24847731
-24836511
-24806050
-24802042
-24784258
-24767112
-24757734
-24754849
-24752009
-24744830
-24743212
-24742890
-24729722
-24695933
-24684686
-24681555
-24676345
-24665542
-24653119
-24629653
-24621968
-24613549
-24602861
-24598235
-24591557
-24585641
-24566699
-24563938
-24553389
-24532110
-24526027
-24521925
-24515586
-24509834
-24498588
-24498384
-24489377
-24473012
-24469721
-24459220
-24455918
-24432541
-24432204
-24426501
-24407223
-24395067
-24380248
-24379404
-24376759
-24312247
-24311663
-24304719
-24282643
-24271763
-24256841
-24248345
-24236467
-24223015
-24208248
-24206360
-24184498
-24182216
-24182093
-24175614
-24162085
-24160284
-24156333
-24120668
-24106556
-24104623
-24095012
-24073616
-24063819
-24059539
-24032710
-24006173
-24001094
-23985657
-23968537
-23948701
-23940185
-23934078
-23929696
-23927381
-23902180
-23894547
-23887454
-23864310
-23851309
-23847265
-23844397
-23840418
-23840017
-23808937
-23800578
-23783741
-23780283
-23765916
-23765361
-23757401
-23743050
-23735859
-23723112
-23712391
-23707099
-23692855
-23665336
-23664766
-23657474
-23656969
-23654174
-23652311
-23643719
-23640144
-23635982
-23621596
-23610249
-23606127
-23593251
-23586934
-23578848
-23572205
-23561048
-23529576
-23529557
-23520249
-23505337
-23499887
-23489397
-23479899
-23473561
-23463538
-23457950
-23441543
-23436541
-23415904
-23403221
-23389317
-23385035
-23384815
-23375931
-23370518
-23368830
-23363482
-23362893
-23331285
-23328702
-23319839
-23313256
-23301500
-23297500
-23290498
-23283689
-23280853
-23266282
-23237448
-23232484
-23211422
-23206658
-23206627
-23201184
-23194956
-23193771
-23192445
-23175927
-23171893
-23170705
-23168788
-23163548
-23158652
-23151557
-23138733
-23122884
-23107830
-23106552
-23105177
-23102467
-23099431
-23094212
-23082204
-23060441
-23054924
-23044771
-23040200
-23035205
-23025560
-23020340
-23016020
-23014411
-23014210
-22974635
-22963463
-22939606
-22922095
-22922026
-22920163
-22918578
-22916562
-22883468
-22882098
-22877365
-22872880
-22862347
-22857409
-22849319
-22848927
-22848808
-22830762
-22829111
-22818074
-22794313
-22792177
-22782945
-22772798
-22769436
-22761620
-22753404
-22740739
-22735584
-22717170
-22713537
-22687135
-22685972
-22682559
-22678797
-22675858
-22675722
-22659916
-22651343
-22649412
-22639835
-22636295
-22631425
-22618988
-22613110
-22591116
-22584573
-22579885
-22560758
-22558508
-22554494
-22531967
-22530672
-22505471
-22492327
-22481626
-22477796
-22455670
-22452231
-22448567
-22405919
-22395342
-22384930
-22370103
-22354430
-22340926
-22335587
-22323391
-22313458
-22307143
-22297033
-22295487
-22292180
-22289219
-22286448
-22279169
-22268647
-22245569
-22231895
-22229148
-22225405
-22216042
-22212837
-22205609
-22196852
-22193413
-22189389
-22186891
-22174353
-22170841
-22169948
-22163099
-22160746
-22159686
-22152218
-22138020
-22136963
-22133432
-22111254
-22108468
-22108235
-22074863
-22066453
-22065891
-22063293
-22055753
-22051989
-22047013
-22025599
-22025160
-22014172
-22011461
-22002779
-21999004
-21936446
-21929129
-21926243
-21900687
-21900244
-21896273
-21894658
-21878308
-21804637
-21800723
-21800303
-21798008
-21791402
-21778998
-21776328
-21750041
-21744987
-21733227
-21729368
-21695605
-21672967
-21672905
-21672717
-21659978
-21659267
-21632056
-21627939
-21624498
-21620780
-21617592
-21601014
-21590627
-21576271
-21574070
-21564414
-21557400
-21555417
-21529913
-21527012
-21520866
-21509684
-21507556
-21485019
-21469623
-21467878
-21465413
-21463690
-21449593
-21434975
-21404923
-21395263
-21365537
-21357394
-21357135
-21348173
-21341714
-21338040
-21328058
-21307785
-21306488
-21298911
-21295659
-21278453
-21272221
-21241136
-21237791
-21216440
-21205324
-21196039
-21184662
-21184211
-21172543
-21168715
-21161780
-21153018
-21145445
-21142054
-21140859
-21135866
-21086920
-21085735
-21058477
-21046608
-21039032
-21031730
-21016588
-21002667
-20993884
-20981200
-20961772
-20953544
-20936169
-20924653
-20911793
-20906137
-20884821
-20880163
-20877444
-20844004
-20788966
-20754531
-20728649
-20716439
-20712518
-20706146
-20696351
-20667449
-20650540
-20641141
-20635648
-20630430
-20626012
-20602192
-20601256
-20583313
-20581027
-20575147
-20558248
-20551529
-20545901
-20522313
-20513479
-20508775
-20497313
-20486457
-20479417
-20468760
-20468277
-20455935
-20429863
-20400928
-20396023
-20387453
-20382723
-20370913
-20331614
-20320625
-20320367
-20315702
-20311743
-20309931
-20286203
-20281873
-20267435
-20261048
-20238365
-20236161
-20232324
-20229819
-20215953
-20214062
-20206407
-20199378
-20191913
-20171750
-20167185
-20158179
-20130057
-20126389
-20116127
-20110269
-20108844
-20104095
-20091999
-20078851
-20068846
-20065389
-20009555
-19992559
-19991790
-19979460
-19976678
-19942075
-19933764
-19932443
-19920743
-19917716
-19903845
-19902451
-19894916
-19885843
-19877335
-19867184
-19864307
-19852723
-19849814
-19849089
-19836975
-19836676
-19804974
-19783854
-19774002
-19772016
-19756429
-19751986
-19747186
-19729393
-19707998
-19705704
-19700834
-19700220
-19699165
-19698516
-19691598
-19686174
-19665176
-19659364
-19612544
-19610885
-19598632
-19575812
-19573099
-19566766
-19557905
-19557401
-19555179
-19552657
-19549159
-19547480
-19546276
-19546195
-19545945
-19535803
-19518390
-19510715
-19505556
-19505164
-19492793
-19487778
-19481142
-19471968
-19464836
-19462862
-19460757
-19432845
-19431943
-19422811
-19418806
-19412828
-19410295
-19404121
-19403562
-19389930
-19386542
-19363566
-19358900
-19355998
-19347706
-19340816
-19339892
-19336842
-19328418
-19321606
-19292882
-19287534
-19267206
-19259257
-19244310
-19239328
-19213048
-19204045
-19191262
-19168626
-19164977
-19158572
-19141172
-19139108
-19134709
-19118820
-19109978
-19109899
-19107996
-19102507
-19069167
-19065710
-19060873
-19059434
-19043092
-19040972
-19037950
-19029111
-19026146
-19024402
-19019846
-18999812
-18996068
-18966577
-18964440
-18944856
-18925911
-18916068
-18906732
-18893391
-18885439
-18881571
-18852765
-18840339
-18817731
-18817701
-18815624
-18809545
-18802892
-18785989
-18784614
-18758530
-18747289
-18738248
-18729539
-18721755
-18718023
-18711321
-18705289
-18677899
-18655545
-18619234
-18615998
-18611974
-18607408
-18604888
-18588171
-18576857
-18574544
-18574215
-18567313
-18561083
-18559740
-18553166
-18545953
-18539484
-18524059
-18519298
-18515668
-18498730
-18497808
-18494614
-18482320
-18477877
-18473231
-18466291
-18454471
-18451938
-18450028
-18449301
-18429075
-18427059
-18423165
-18406681
-18401011
-18393681
-18391803
-18391685
-18373911
-18370961
-18370427
-18364923
-18360248
-18356276
-18355959
-18351446
-18351315
-18344469
-18329851
-18285780
-18272872
-18266265
-18265480
-18251840
-18236228
-18231516
-18204384
-18193669
-18189436
-18185353
-18177817
-18177614
-18164475
-18135282
-18130538
-18129172
-18119021
-18113731
-18113635
-18100205
-18094333
-18091138
-18083955
-18073500
-18069272
-18066604
-18065528
-18058157
-18030653
-18021279
-18019971
-18013674
-17985377
-17965365
-17964474
-17951001
-17948095
-17941021
-17937306
-17932604
-17915918
-17883478
-17876133
-17853756
-17830508
-17809678
-17800535
-17758459
-17743252
-17741952
-17736230
-17712128
-17701298
-17695464
-17691516
-17682248
-17680905
-17674868
-17666607
-17664177
-17662898
-17657604
-17638594
-17622212
-17617346
-17614907
-17611141
-17601824
-17576056
-17572338
-17570724
-17568556
-17565935
-17564397
-17560917
-17555681
-17539068
-17521470
-17518689
-17514295
-17510360
-17501035
-17496243
-17484189
-17476728
-17474655
-17469618
-17469446
-17458446
-17447353
-17431729
-17428281
-17413642
-17410189
-17409506
-17406055
-17402143
-17401319
-17393875
-17377536
-17377061
-17348741
-17333016
-17317284
-17285630
-17279056
-17255739
-17254887
-17252755
-17252276
-17217831
-17216386
-17203838
-17200204
-17194061
-17183096
-17170570
-17170527
-17157777
-17156408
-17150080
-17133595
-17121096
-17116998
-17114719
-17099301
-17096050
-17071284
-17063147
-17062702
-17050596
-17046313
-17035855
-17035067
-17016275
-17011095
-16985359
-16984643
-16969311
-16969167
-16967665
-16962428
-16957258
-16947419
-16917145
-16905024
-16882835
-16874568
-16871252
-16863236
-16856592
-16851423
-16832401
-16831274
-16825583
-16803785
-16803061
-16777610
-16768386
-16759146
-16749893
-16743375
-16730498
-16729655
-16700868
-16681248
-16679365
-16653134
-16649189
-16644410
-16635959
-16630878
-16621179
-16619430
-16617816
-16600270
-16598477
-16597163
-16514856
-16514826
-16482164
-16469534
-16447090
-16442107
-16433304
-16427289
-16411053
-16392720
-16392629
-16387630
-16386361
-16380563
-16376556
-16373125
-16368597
-16367816
-16354137
-16343331
-16339509
-16335176
-16331972
-16299029
-16298946
-16294865
-16289778
-16277568
-16270034
-16257468
-16255185
-16253109
-16251545
-16246696
-16246098
-16242912
-16238739
-16237275
-16234337
-16220849
-16186453
-16178454
-16178273
-16158677
-16157644
-16142689
-16137104
-16134428
-16123767
-16119268
-16116217
-16109338
-16103409
-16083368
-16075107
-16071995
-16056072
-16047284
-16044561
-16028540
-16027772
-16021518
-16016142
-16013679
-15998517
-15995809
-15980223
-15975860
-15958704
-15937302
-15922137
-15921681
-15910305
-15904321
-15878779
-15865340
-15830920
-15816585
-15815571
-15806865
-15801885
-15795454
-15793630
-15792690
-15781012
-15778421
-15764772
-15726531
-15725240
-15709415
-15703108
-15659013
-15651311
-15646478
-15632856
-15625111
-15623493
-15595274
-15584448
-15579594
-15573040
-15554649
-15546730
-15529202
-15513018
-15486709
-15478246
-15476773
-15452386
-15446930
-15444099
-15443175
-15442003
-15438688
-15418833
-15416183
-15398446
-15392637
-15373800
-15366225
-15335130
-15315852
-15313517
-15283414
-15282465
-15281872
-15266285
-15258050
-15222886
-15219804
-15198213
-15195214
-15181380
-15176960
-15175340
-15161746
-15155583
-15149461
-15140417
-15123217
-15113952
-15105619
-15097086
-15096080
-15091907
-15067768
-15064704
-15044550
-15036264
-15025682
-15006483
-14974224
-14967990
-14967335
-14938879
-14927693
-14924759
-14895290
-14894403
-14889499
-14864876
-14859560
-14858055
-14857245
-14856307
-14855511
-14855206
-14844941
-14827514
-14821478
-14811224
-14782585
-14781949
-14764237
-14761958
-14761237
-14748019
-14728087
-14725295
-14723768
-14719590
-14711700
-14708019
-14698457
-14695974
-14665672
-14656441
-14646669
-14640384
-14637940
-14626523
-14615625
-14610269
-14588305
-14575896
-14569038
-14537210
-14534959
-14524607
-14523932
-14511128
-14500356
-14499905
-14499141
-14498521
-14484434
-14482413
-14482179
-14478914
-14478110
-14476440
-14473283
-14457737
-14440081
-14422384
-14421041
-14396612
-14384360
-14382092
-14379328
-14366718
-14353014
-14350224
-14347229
-14338875
-14338802
-14308342
-14293998
-14269688
-14262567
-14254187
-14209504
-14192502
-14176089
-14158869
-14096243
-14095709
-14079683
-14077705
-14049660
-14049055
-14024239
-14016852
-14012305
-14010069
-14004019
-14000456
-13999465
-13993422
-13993206
-13990449
-13976229
-13945456
-13926682
-13924596
-13920752
-13902553
-13902533
-13893544
-13873594
-13872399
-13856752
-13851406
-13847663
-13845675
-13824355
-13813763
-13801142
-13776589
-13775220
-13769541
-13763574
-13760665
-13743859
-13743126
-13742335
-13739853
-13739291
-13736778
-13735068
-13721589
-13717870
-13711572
-13710966
-13705673
-13705281
-13696767
-13683120
-13678021
-13674958
-13671205
-13662047
-13661027
-13645388
-13626987
-13620046
-13605264
-13601753
-13586674
-13582290
-13573621
-13548077
-13537275
-13532051
-13518172
-13507607
-13502078
-13486597
-13473553
-13468409
-13463823
-13427496
-13426330
-13419365
-13416050
-13408644
-13396636
-13382923
-13375812
-13320360
-13314030
-13305557
-13300842
-13293060
-13291004
-13284038
-13280785
-13279291
-13277173
-13268481
-13248318
-13244792
-13218161
-13212683
-13211913
-13203998
-13197606
-13164392
-13159162
-13141074
-13137923
-13137036
-13129305
-13125151
-13123213
-13105388
-13103489
-13096824
-13092482
-13077151
-13067026
-13061780
-13061378
-13045428
-13039526
-13031387
-13023756
-12986258
-12971116
-12951848
-12948678
-12943107
-12931350
-12923706
-12917154
-12886889
-12853314
-12850930
-12827448
-12814752
-12814395
-12812539
-12801805
-12796945
-12786397
-12768843
-12761441
-12759424
-12758925
-12753212
-12752006
-12744384
-12739392
-12729048
-12720309
-12718359
-12708685
-12701879
-12695138
-12683882
-12661483
-12659685
-12659042
-12652388
-12648907
-12640809
-12632985
-12608054
-12603622
-12592860
-12592073
-12591066
-12589713
-12559219
-12543878
-12535821
-12532478
-12530426
-12526095
-12522839
-12516075
-12512934
-12507887
-12501927
-12497454
-12488768
-12482958
-12480492
-12478403
-12445156
-12443093
-12440815
-12432356
-12431680
-12426656
-12396622
-12383296
-12378211
-12377622
-12369367
-12347073
-12343877
-12338347
-12335574
-12314126
-12306242
-12292219
-12290124
-12264536
-12260510
-12250605
-12247515
-12226547
-12225432
-12197520
-12192147
-12189629
-12151098
-12147967
-12147150
-12142401
-12139026
-12137431
-12131985
-12131311
-12123292
-12122312
-12090721
-12072475
-12064758
-12058086
-12017260
-12011304
-12006799
-12005008
-11998650
-11998074
-11983714
-11978802
-11969295
-11968865
-11966237
-11938420
-11915582
-11915247
-11908751
-11895398
-11872396
-11865857
-11860998
-11853261
-11852914
-11836883
-11819902
-11815807
-11810535
-11791171
-11790102
-11781235
-11763693
-11763171
-11750609
-11740953
-11715154
-11694738
-11680909
-11665733
-11660564
-11650178
-11649846
-11633548
-11631733
-11628989
-11626962
-11602057
-11585696
-11556450
-11555003
-11538271
-11530316
-11529119
-11518284
-11516610
-11513964
-11505407
-11492126
-11485832
-11478851
-11467087
-11458997
-11429751
-11380310
-11345152
-11338317
-11337512
-11334812
-11318884
-11318758
-11301406
-11294952
-11279217
-11262678
-11246419
-11246139
-11240890
-11230897
-11224166
-11196528
-11196503
-11192522
-11167017
-11158697
-11153378
-11133510
-11125776
-11086931
-11079312
-11049266
-11045253
-11035272
-11034171
-11033743
-11024632
-11012037
-11010959
-11008403
-10996481
-10990450
-10987803
-10978328
-10961389
-10950895
-10945409
-10942185
-10939104
-10936415
-10931555
-10928339
-10926703
-10925100
-10908191
-10900193
-10894516
-10890425
-10887378
-10879075
-10864612
-10860135
-10858880
-10852518
-10851731
-10850047
-10825450
-10817042
-10811250
-10810791
-10801592
-10793858
-10793625
-10742590
-10742499
-10741942
-10734216
-10723917
-10723691
-10720040
-10718011
-10711053
-10708152
-10698928
-10689941
-10681839
-10680071
-10647466
-10624304
-10622067
-10618992
-10615058
-10600019
-10590070
-10536126
-10525437
-10524285
-10522086
-10510321
-10508846
-10502037
-10498675
-10472702
-10437023
-10418023
-10415415
-10405080
-10404329
-10400603
-10398912
-10380027
-10376651
-10368681
-10355854
-10354624
-10343622
-10335679
-10332378
-10331284
-10309793
-10301708
-10295052
-10291850
-10274610
-10260804
-10254812
-10247825
-10234037
-10225780
-10220974
-10189677
-10187629
-10186764
-10165711
-10163700
-10160705
-10139922
-10137803
-10136447
-10130650
-10094611
-10080210
-10051250
-10035170
-10030333
-10018588
-10011992
-10006026
-9998205
-9994925
-9984183
-9983682
-9977847
-9961798
-9939021
-9938966
-9934593
-9929407
-9920510
-9897385
-9891622
-9879057
-9867379
-9862865
-9854415
-9854265
-9834922
-9833879
-9822129
-9808274
-9804744
-9789995
-9784460
-9771263
-9770829
-9764680
-9760970
-9738806
-9722392
-9699215
-9684812
-9666682
-9650341
-9648918
-9645777
-9636123
-9611669
-9597897
-9586054
-9585761
-9580225
-9578804
-9562995
-9556698
-9555844
-9542297
-9539818
-9533938
-9525943
-9501038
-9487403
-9486366
-9484276
-9475296
-9472330
-9464560
-9462311
-9461200
-9441319
-9432082
-9419163
-9408744
-9364542
-9364239
-9336579
-9334877
-9326620
-9310953
-9293650
-9290480
-9287269
-9248306
-9242225
-9234862
-9223436
-9219570
-9219100
-9206651
-9190012
-9181449
-9179074
-9175226
-9155857
-9148240
-9145086
-9134238
-9130252
-9127814
-9124245
-9116654
-9110197
-9094386
-9089533
-9089415
-9075276
-9062672
-9043171
-9028847
-9027353
-9026987
-9013403
-9013038
-9004078
-8996999
-8975854
-8974155
-8944167
-8934413
-8927350
-8924388
-8886912
-8869481
-8864584
-8863003
-8857209
-8848909
-8848230
-8847822
-8830406
-8812681
-8801352
-8789153
-8778241
-8767552
-8759967
-8755085
-8746762
-8740047
-8739015
-8730256
-8721263
-8717518
-8717057
-8704277
-8699684
-8686546
-8683987
-8679890
-8671732
-8667826
-8663752
-8629276
-8625117
-8624517
-8621357
-8621135
-8610265
-8571611
-8559142
-8555420
-8536922
-8518519
-8489619
-8488676
-8483123
-8478403
-8474199
-8461507
-8458259
-8450413
-8446897
-8440934
-8430496
-8389063
-8377142
-8376623
-8366022
-8360749
-8344412
-8339113
-8337666
-8334480
-8317282
-8313489
-8308214
-8304870
-8304469
-8297807
-8288674
-8273441
-8240921
-8223475
-8218712
-8214326
-8212422
-8207672
-8174376
-8153582
-8152108
-8150606
-8131276
-8128480
-8119189
-8116995
-8108976
-8107767
-8095775
-8088233
-8054529
-8053082
-8031792
-8023544
-8011309
-8007542
-8004688
-7991486
-7975506
-7941794
-7941116
-7938783
-7936189
-7911181
-7896635
-7894255
-7882635
-7880988
-7877429
-7873789
-7872046
-7856268
-7838426
-7831678
-7808490
-7794241
-7790608
-7775164
-7774372
-7773751
-7772624
-7761969
-7737393
-7734526
-7726227
-7723240
-7718855
-7704957
-7689748
-7670364
-7656098
-7640162
-7635981
-7634622
-7631158
-7623538
-7622492
-7617042
-7613578
-7611112
-7608438
-7604024
-7602793
-7574559
-7554286
-7529831
-7514614
-7497398
-7488711
-7486449
-7481827
-7442693
-7424809
-7412382
-7408157
-7403380
-7398738
-7394432
-7383146
-7377261
-7374643
-7362224
-7360484
-7355022
-7353639
-7351262
-7347479
-7336729
-7331648
-7325894
-7322548
-7319953
-7276152
-7260647
-7259147
-7255532
-7255257
-7242733
-7238800
-7235419
-7231757
-7228511
-7228418
-7218738
-7218720
-7210677
-7203985
-7195396
-7175292
-7172910
-7153118
-7146294
-7131252
-7128800
-7118624
-7113585
-7099209
-7094061
-7092982
-7080918
-7078256
-7074693
-7062365
-7040124
-7039589
-7032931
-7030410
-7029469
-7027878
-7023989
-7018221
-7003652
-6995315
-6994687
-6990790
-6981423
-6980459
-6974051
-6968563
-6965437
-6949344
-6941149
-6924357
-6908963
-6901156
-6877281
-6872551
-6855966
-6854198
-6805397
-6779012
-6778786
-6772109
-6771919
-6755270
-6741949
-6735154
-6734136
-6727936
-6715698
-6713647
-6704471
-6685703
-6673953
-6657167
-6619900
-6617861
-6614889
-6584808
-6584797
-6578988
-6568865
-6561288
-6555974
-6553955
-6548722
-6529169
-6522649
-6522613
-6522399
-6513576
-6512108
-6508063
-6497113
-6496556
-6492921
-6489781
-6483954
-6478446
-6474192
-6465729
-6460455
-6455377
-6453076
-6449743
-6440674
-6440376
-6418876
-6412122
-6410407
-6405964
-6394892
-6391233
-6389580
-6389256
-6375170
-6359047
-6355323
-6340607
-6324925
-6270158
-6239009
-6237942
-6228735
-6219140
-6198422
-6182247
-6169732
-6169017
-6163142
-6156930
-6154510
-6140258
-6138062
-6129107
-6127984
-6123247
-6118540
-6089786
-6072563
-6066763
-6050622
-6046890
-6043270
-6042545
-6039151
-6025892
-5997217
-5990527
-5984714
-5974819
-5959070
-5950065
-5938237
-5937788
-5900067
-5891766
-5887437
-5879780
-5877435
-5864493
-5858644
-5857161
-5856134
-5846999
-5810245
-5809456
-5788790
-5781241
-5776352
-5770306
-5769791
-5761835
-5756793
-5754123
-5744015
-5742771
-5721171
-5714763
-5689309
-5681678
-5681531
-5677643
-5654324
-5648364
-5645482
-5641538
-5624559
-5610832
-5605178
-5594079
-5548325
-5539288
-5533697
-5504071
-5469517
-5469280
-5468129
-5460968
-5459408
-5456221
-5440518
-5421229
-5417814
-5409559
-5407441
-5402773
-5388204
-5381717
-5375356
-5370747
-5359446
-5330983
-5329089
-5321976
-5318455
-5312856
-5306642
-5305715
-5301012
-5296142
-5293881
-5281668
-5272277
-5266880
-5260930
-5253427
-5242472
-5240101
-5239223
-5198879
-5193507
-5176101
-5174010
-5173831
-5164615
-5146733
-5132424
-5117184
-5106761
-5104315
-5100972
-5098831
-5097386
-5082943
-5082916
-5080349
-5079100
-5075928
-5060259
-5047484
-5029695
-5005863
-4999363
-4980515
-4966996
-4964723
-4955112
-4951004
-4914794
-4908272
-4898597
-4888142
-4877384
-4866820
-4862578
-4858364
-4851325
-4848953
-4843347
-4817936
-4817899
-4810770
-4799092
-4781117
-4779621
-4771386
-4769606
-4764565
-4763267
-4761509
-4761022
-4760685
-4759012
-4746614
-4737250
-4724232
-4720250
-4708739
-4706394
-4702226
-4699171
-4694402
-4687118
-4678356
-4678026
-4676619
-4653759
-4652190
-4633790
-4629935
-4628826
-4621056
-4618190
-4613414
-4591437
-4590364
-4584785
-4547804
-4546069
-4540270
-4539587
-4525124
-4522248
-4520517
-4482481
-4459594
-4440066
-4440017
-4435560
-4413998
-4409163
-4403731
-4389130
-4388365
-4383919
-4371915
-4357540
-4342677
-4327655
-4321175
-4318820
-4316629
-4315646
-4311559
-4296890
-4295354
-4286532
-4281653
-4269327
-4243648
-4210891
-4196090
-4189233
-4188661
-4187161
-4185907
-4180027
-4173845
-4164868
-4149372
-4149370
-4146723
-4142574
-4129977
-4114880
-4102509
-4097778
-4078625
-4064884
-4064122
-4063915
-4061763
-4044893
-4023933
-4022962
-4018880
-4009255
-4004348
-3994036
-3983788
-3967993
-3946963
-3939429
-3936783
-3934245
-3922816
-3910939
-3898195
-3869805
-3859564
-3851514
-3845404
-3836039
-3829013
-3827635
-3809577
-3807868
-3807592
-3792886
-3783594
-3769369
-3762482
-3753867
-3748824
-3746431
-3733701
-3719456
-3717468
-3677450
-3663640
-3660797
-3644007
-3635566
-3613315
-3610665
-3586597
-3571812
-3565759
-3561792
-3550024
-3516792
-3508168
-3502536
-3496296
-3492818
-3490810
-3488627
-3475658
-3470221
-3468997
-3468354
-3467490
-3461603
-3460768
-3452255
-3447761
-3447039
-3427768
-3423902
-3410669
-3408161
-3389908
-3382713
-3375854
-3362514
-3334463
-3328051
-3315484
-3299370
-3289165
-3288990
-3251959
-3249156
-3244093
-3222763
-3208102
-3196189
-3167178
-3162588
-3162446
-3153368
-3151238
-3143465
-3130355
-3120753
-3117205
-3106148
-3104643
-3089635
-3041052
-3024061
-3007958
-2991108
-2985133
-2985124
-2982238
-2941709
-2920051
-2917623
-2898655
-2877777
-2852585
-2850008
-2831748
-2826337
-2821431
-2808922
-2780497
-2778779
-2774136
-2770747
-2757826
-2740964
-2734559
-2727106
-2723931
-2720670
-2708189
-2690064
-2643728
-2639326
-2627364
-2626969
-2621478
-2613143
-2599729
-2599550
-2586503
-2556833
-2549855
-2544878
-2543306
-2539488
-2528675
-2520858
-2517854
-2517145
-2514652
-2510427
-2505304
-2500765
-2486602
-2484969
-2477315
-2466779
-2464065
-2455870
-2455301
-2453996
-2448717
-2442611
-2440869
-2440765
-2422981
-2414190
-2404388
-2402482
-2384276
-2368373
-2350185
-2344805
-2342404
-2338235
-2328203
-2321851
-2287618
-2276001
-2267537
-2259367
-2223021
-2220702
-2214452
-2193013
-2192897
-2188799
-2169383
-2165192
-2143731
-2138538
-2115746
-2114779
-2101958
-2086130
-2080424
-2076421
-2060383
-2009649
-1988249
-1944115
-1929795
-1918971
-1909111
-1902290
-1896155
-1892692
-1883470
-1851143
-1832746
-1810703
-1800736
-1795403
-1792701
-1782703
-1772311
-1766279
-1725824
-1690881
-1668753
-1662633
-1660795
-1639470
-1636046
-1617411
-1603083
-1575186
-1551721
-1528663
-1527697
-1482185
-1471636
-1436772
-1417957
-1407221
-1399922
-1346649
-1341294
-1340079
-1337787
-1334803
-1332759
-1328443
-1326646
-1324645
-1320799
-1317042
-1307385
-1263164
-1262032
-1261821
-1258604
-1256807
-1237343
-1233223
-1227172
-1211536
-1211212
-1207754
-1201007
-1176879
-1176841
-1161472
-1120405
-1119875
-1113540
-1101517
-1091680
-1083281
-1081877
-1064505
-1057985
-1049086
-1044767
-1036588
-1029820
-1026431
-1018749
-990342
-967170
-962641
-945702
-935616
-922020
-905917
-902125
-900412
-886799
-841019
-840658
-825580
-815293
-807605
-787069
-785899
-784986
-760126
-752787
-729371
-713105
-709864
-701870
-698519
-698260
-681668
-671166
-666070
-653720
-644224
-637706
-635397
-631379
-623668
-617430
-608850
-602897
-586343
-566173
-558515
-557742
-557214
-521886
-518917
-512243
-492927
-480331
-462129
-455392
-452320
-450585
-423509
-411630
-405568
-393409
-390884
-372448
-372334
-369888
-344058
-339202
-338353
-325559
-300618
-299165
-283887
-283392
-282881
-276832
-275248
-255245
-237138
-215188
-192032
-150849
-149178
-147637
-138935
-117593
-109764
-109700
-104925
-101294
-93132
-83116
-60064
-43111
93
1915
12536
32563
72181
76227
90942
96286
119789
122610
129730
141968
148823
188224
202262
216079
230806
233817
234764
241086
251859
267287
275131
280632
314706
316296
319761
320357
320921
329751
330773
339623
384668
385075
398422
430034
432511
434072
443768
451135
462194
470710
472470
481026
483419
504566
521926
533275
556744
574397
593584
604694
619071
625397
625578
648202
651147
653644
661867
663057
677390
690294
703848
705533
714103
715653
717317
729492
756898
772728
781197
801084
817128
822251
826249
830922
857446
867400
886150
917256
937293
940380
961801
968211
968903
970195
978677
987900
991363
991754
994032
995689
1020883
1031369
1048965
1054570
1068667
1083960
1084236
1109732
1110106
1111979
1115158
1124685
1128997
1139490
1142179
1143486
1161004
1162954
1170936
1175078
1186229
1187908
1209526
1210619
1217482
1224156
1229957
1245504
1246065
1247677
1281851
1293175
1312603
1328302
1331301
1333561
1347485
1348035
1361885
1361952
1370012
1385966
1413388
1421329
1441393
1451193
1468615
1469313
1479319
1484112
1493170
1513217
1527810
1534650
1537553
1545142
1547119
1552237
1552334
1554217
1567040
1571942
1573307
1579840
1586271
1592791
1599426
1643751
1665588
1668826
1702390
1726670
1730370
1748732
1760075
1768719
1770325
1795444
1836701
1839156
1860404
1866530
1871120
1889378
1905810
1910872
1913366
1921039
1929830
1935956
1944069
1954395
1957595
1965649
1970350
1977327
1979735
1990248
1990302
1999408
2017257
2026259
2028741
2041526
2049735
2054373
2085647
2091731
2098811
2101568
2111813
2112595
2154942
2163714
2174377
2182673
2199853
2207063
2237807
2239741
2240716
2244282
2244485
2251895
2274770
2285941
2295899
2308138
2308993
2314964
2324803
2330107
2337544
2347316
2357052
2358634
2360224
2367472
2368706
2392356
2396684
2399809
2424136
2438581
2440231
2444453
2454511
2455469
2477361
2485531
2497388
2534486
2539773
2550168
2556684
2569749
2571429
2595620
2600144
2602420
2611583
2633618
2649147
2650707
2670316
2673258
2674583
2682056
2686765
2690390
2695300
2705174
2739006
2754809
2759299
2761042
2764432
2790191
2793595
2795496
2796405
2798483
2804529
2806881
2814332
2824564
2849598
2855409
2858070
2882883
2884124
2891077
2891118
2894176
2902228
2903699
2919829
2942311
2951864
2956840
2978735
2984523
2996668
3009109
3012127
3016342
3033655
3038178
3047730
3073933
3097849
3101721
3102413
3116353
3120601
3140003
3151049
3152221
3153464
3166851
3187652
3187894
3189889
3220675
3224204
3231676
3237491
3248282
3250159
3265448
3272514
3277151
3287058
3290568
3335896
3340088
3359005
3369141
3410770
3418464
3419800
3444599
3445419
3467863
3505510
3512653
3513236
3525238
3527899
3527943
3528381
3538571
3539317
3546464
3550079
3552297
3553269
3560544
3570818
3575982
3578992
3590955
3604630
3607043
3609309
3628494
3631555
3634392
3649866
3652912
3678384
3685801
3689902
3697090
3707356
3710881
3718186
3720641
3725250
3731566
3738467
3741840
3742923
3743587
3801761
3821941
3829770
3840479
3855368
3860061
3869264
3875633
3883036
3889813
3890699
3908365
3925497
3925867
3935518
3954973
3961520
3961595
3972515
3981266
3984818
3999758
4014422
4031958
4035217
4038610
4040784
4056833
4065112
4065724
4075746
4084883
4088231
4093429
4124501
4125140
4147527
4148542
4160577
4163530
4169446
4190872
4204783
4205129
4216298
4220548
4224536
4244419
4248613
4255169
4258248
4258464
4265273
4266259
4271217
4292436
4300914
4304801
4305301
4325168
4351101
4367084
4369551
4373398
4378808
4388820
4389084
4390907
4399490
4403987
4434490
4445340
4449588
4450914
4456409
4461430
4464964
4476088
4477065
4480429
4480892
4485600
4489967
4495174
4503479
4523775
4537811
4539625
4594847
4597438
4599510
4604785
4621447
4621991
4653275
4658473
4663782
4671927
4681245
4689957
4692148
4695590
4701328
4715027
4716825
4718953
4725446
4728103
4731227
4751511
4760866
4761454
4767325
4787808
4797495
4798525
4799511
4808364
4808413
4809947
4815279
4821841
4831962
4863306
4887842
4904631
4916939
4921867
4922067
4927386
4941690
4944050
4946709
4969445
4977153
4979959
4984158
4999276
5008327
5035902
5043254
5066854
5075736
5085070
5086277
5110285
5113224
5120005
5125119
5132490
5150855
5156597
5167982
5198584
5216187
5221528
5223001
5237901
5241042
5244212
5259530
5260597
5262609
5283508
5288468
5291289
5291519
5294632
5305385
5310575
5310917
5349178
5368237
5381155
5406242
5406751
5419838
5426384
5445538
5447782
5450306
5469006
5473325
5486625
5488590
5494053
5494982
5512461
5515543
5534479
5561543
5565036
5566463
5575843
5586513
5594832
5674021
5684343
5702323
5704636
5706013
5721175
5724565
5726029
5734011
5749780
5751274
5768580
5769558
5806159
5817935
5842401
5855703
5859375
5860941
5867905
5877980
5901659
5913762
5929431
5933315
5937107
5949530
5960255
5971673
5975359
5980711
5985170
5989913
6010565
6011515
6022224
6028694
6040450
6044398
6063539
6065535
6072183
6099310
6100062
6100482
6110012
6126932
6148000
6161731
6173416
6183181
6201855
6208570
6214161
6227882
6239578
6249766
6281518
6284968
6290754
6300703
6306456
6315624
6318433
6322922
6325356
6346119
6351933
6374791
6381153
6385195
6397252
6401398
6409974
6419765
6420973
6426694
6431679
6472514
6473208
6483007
6498295
6509329
6551754
6561797
6566250
6569780
6601886
6606662
6609020
6613963
6614776
6621960
6624593
6635410
6662853
6679032
6683369
6683743
6685264
6704075
6708149
6719952
6735011
6738471
6782863
6783763
6789396
6790024
6801451
6824015
6836618
6842772
6857680
6860222
6882737
6893106
6895917
6914027
6937700
6941866
6942107
6943944
6951482
6977616
6989915
6999689
7013402
7042992
7047790
7049884
7053778
7054561
7069679
7089642
7117927
7119483
7125505
7144224
7152199
7163870
7165734
7177722
7177967
7179089
7183437
7185164
7185184
7199274
7200727
7209768
7220325
7261898
7268321
7283412
7283864
7291793
7299428
7317303
7321346
7337115
7340662
7341763
7392358
7397229
7398122
7399493
7409387
7411270
7413035
7425151
7431320
7432022
7433804
7467811
7490520
7495673
7499661
7502290
7502870
7535561
7549232
7555631
7560613
7562975
7564202
7571175
7573247
7610003
7615756
7616096
7636870
7637480
7640167
7641506
7645198
7646794
7652781
7673853
7679700
7717656
7719289
7722960
7726947
7740725
7741697
7744926
7746953
7763748
7767749
7770379
7779729
7780822
7782036
7783163
7788499
7808187
7810699
7812427
7834534
7836902
7848446
7854860
7913376
7972139
7977474
7995731
8004565
8076530
8080052
8100045
8106699
8107074
8113895
8113997
8123716
8131601
8158522
8164282
8177709
8180606
8188014
8195257
8197419
8205470
8224641
8230555
8234523
8244528
8271469
8271742
8276372
8293215
8308756
8330738
8333423
8346515
8353618
8354939
8357959
8367142
8387469
8389100
8399245
8419327
8421223
8423865
8467257
8472126
8477235
8485518
8487373
8498612
8504782
8526967
8534257
8540028
8552838
8566312
8581429
8586247
8587170
8592949
8594619
8597853
8600455
8608511
8610639
8615317
8629015
8640610
8664730
8666481
8675892
8685109
8690497
8707510
8720056
8721132
8726555
8734939
8739066
8781849
8789631
8793483
8804037
8806292
8821222
8825183
8830067
8831381
8837995
8838955
8842739
8852699
8862892
8875540
8879766
8888258
8914559
8919035
8940756
8954316
8994843
8995771
9006729
9016755
9027582
9054218
9087603
9092677
9132334
9143873
9144312
9147343
9147683
9158543
9165936
9179898
9205664
9209676
9218659
9221184
9223133
9246553
9257997
9282680
9285656
9289206
9325468
9344570
9366133
9371405
9381617
9398078
9428076
9428300
9428704
9432969
9433144
9436130
9440367
9443632
9445369
9445703
9453620
9455593
9456093
9469576
9494461
9526685
9532511
9537175
9543699
9571621
9578233
9580337
9602681
9605225
9606661
9608783
9613976
9621231
9624554
9634617
9639718
9642157
9660227
9663583
9682370
9714460
9754053
9757697
9781218
9787309
9788676
9791797
9813702
9818448
9819769
9823394
9831847
9840723
9861310
9876783
9905115
9928369
9929531
9950836
9957987
9974102
10001684
10007798
10018286
10023621
10029003
10034744
10042126
10059599
10064052
10081462
10102665
10112169
10121467
10122751
10129476
10141727
10150556
10160676
10172362
10174202
10183800
10191992
10197388
10199830
10245718
10293563
10303969
10306680
10312099
10313801
10327066
10330117
10339924
10345669
10346883
10354138
10370306
10378959
10381674
10386964
10400304
10403506
10421974
10423041
10431480
10435992
10445318
10445989
10456868
10479273
10479776
10496556
10507360
10531271
10552549
10588956
10588969
10589497
10613459
10625526
10625533
10628733
10636497
10636676
10640850
10643250
10659748
10675313
10692479
10702976
10704560
10711703
10717583
10720770
10747654
10758950
10768756
10769658
10777041
10780736
10789069
10803459
10805115
10805858
10807245
10817659
10864773
10867795
10889918
10895979
10896585
10901017
10918687
10935722
10941950
10964250
10969427
10975384
10993303
10999029
11004150
11023668
11023693
11027307
11034602
11035531
11036794
11039469
11042449
11043664
11055093
11055227
11058689
11068808
11107251
11121804
11136538
11139444
11151388
11158541
11171980
11185499
11216698
11226107
11271625
11275020
11275694
11295660
11305622
11324446
11332631
11351824
11371490
11382275
11404530
11410038
11420342
11433009
11455303
11475412
11484368
11485378
11486904
11503227
11503497
11507726
11510255
11510555
11525411
11546113
11549962
11559856
11567151
11576035
11578963
11597404
11607341
11617743
11625105
11627128
11627461
11633332
11634539
11642213
11645814
11646519
11658414
11667133
11670621
11680591
11692333
11707017
11708811
11769145
11773504
11776181
11784296
11786287
11800101
11803971
11809983
11812335
11819760
11824151
11833212
11842312
11847212
11853890
11872740
11881105
11883944
11915513
11916944
11934619
11938552
11947630
11952044
11960400
11962265
11970535
11971997
11983157
11985947
11990252
11994834
12005635
12023811
12027225
12037977
12043146
12048510
12052781
12056954
12058187
12061800
12062113
12064199
12072745
12072895
12084257
12087445
12094405
12099395
12099402
12107860
12116131
12125776
12136883
12178119
12186306
12189352
12210787
12230965
12232099
12252243
12255318
12256850
12261771
12265496
12276963
12277883
12289511
12299237
12316994
12334235
12344477
12345103
12352361
12364906
12370883
12374222
12385222
12399872
12406523
12408073
12413851
12414177
12450142
12488441
12505515
12533341
12558506
12618886
12625684
12643607
12651337
12664911
12675434
12691655
12699926
12714235
12714953
12727512
12750223
12753315
12757568
12767426
12779135
12794748
12807930
12809204
12818888
12821935
12822605
12850309
12850980
12851109
12859221
12908360
12908765
12928624
12931208
12932911
12958148
12965665
12966430
12969169
12972214
12993679
13023503
13042836
13074749
13075038
13083090
13098007
13109953
13112384
13120055
13152214
13163797
13169551
13183178
13193733
13205355
13234174
13241396
13247297
13249758
13252800
13280166
13306726
13327132
13331631
13368030
13373835
13398374
13406286
13409457
13415856
13433736
13436052
13461522
13466257
13466719
13474363
13479202
13508030
13519134
13541092
13544852
13554100
13555835
13560621
13567488
13579457
13598848
13601380
13601422
13613760
13617751
13621402
13633765
13635717
13642741
13666295
13678133
13686283
13701084
13709951
13712251
13723952
13749183
13758265
13784365
13808166
13815351
13825158
13826358
13837762
13842852
13845875
13853106
13853749
13855247
13863321
13863574
13868630
13880906
13880951
13887836
13899501
13901658
13901796
13914990
13928590
13936566
13936941
13971817
13996143
14007770
14018570
14025636
14033319
14036047
14062359
14071244
14080797
14080993
14087924
14110691
14115275
14127567
14145230
14209507
14216250
14223887
14227112
14250040
14252557
14254142
14269143
14271129
14275548
14299053
14305092
14307516
14308729
14310695
14314291
14315145
14322241
14324701
14354045
14357241
14366455
14371952
14413189
14433782
14436685
14447291
14452768
14461502
14468362
14547126
14568816
14571588
14580097
14600273
14600638
14604632
14617859
14620542
14623804
14637355
14638112
14640573
14645149
14650978
14657319
14660302
14666636
14681442
14691766
14693156
14706790
14711714
14720869
14737299
14751295
14756484
14772257
14827930
14835392
14840739
14842560
14851109
14851255
14872773
14875052
14886133
14886459
14887543
14891311
14905479
14921455
14922537
14925053
14932250
14941169
14953586
14969711
14976096
15004324
15010651
15018181
15041965
15060531
15071211
15085871
15100571
15113087
15117540
15123864
15125480
15134190
15146833
15161807
15179853
15187088
15196596
15198578
15205217
15218640
15245618
15251459
15256283
15272798
15278252
15282977
15289247
15294107
15316000
15323043
15336764
15348911
15365975
15367323
15368356
15373345
15378266
15386946
15387600
15388093
15391878
15395438
15408292
15408628
15411005
15437048
15446076
15461787
15465300
15471101
15481578
15492503
15492841
15511569
15521098
15525910
15545208
15547988
15565902
15566217
15567501
15570062
15600216
15603345
15636998
15652347
15652883
15673132
15686328
15704269
15717574
15748457
15751569
15755662
15760848
15767234
15770143
15770290
15771151
15796298
15797921
15798971
15802250
15803080
15824632
15824741
15835359
15840063
15850285
15851609
15853960
15857071
15861169
15870658
15875608
15885985
15886629
15892279
15895743
15904355
15913166
15916310
15924531
15925916
15957395
15962340
16001615
16002183
16002320
16009614
16011224
16028367
16030884
16040238
16047230
16058702
16059642
16063952
16076191
16080490
16081609
16104739
16107700
16116330
16118057
16151838
16153872
16157118
16161505
16164499
16166041
16172189
16198981
16211161
16211983
16231860
16253471
16255934
16263521
16267138
16277942
16283455
16283679
16299268
16331415
16339565
16340600
16341604
16346451
16360342
16361665
16376067
16429339
16432226
16443284
16464554
16514416
16524539
16526964
16530483
16542931
16543313
16559805
16604535
16607864
16609171
16613049
16616380
16651199
16655567
16658131
16666548
16679434
16695339
16706075
16708206
16716157
16730577
16733798
16759685
16763229
16763431
16768798
16771317
16771580
16781321
16785214
16796569
16812926
16815355
16820845
16822773
16823400
16834910
16839693
16842224
16847230
16859043
16896305
16911169
16919224
16936232
16948232
16953442
16970606
16978525
16995888
16999942
17013209
17021645
17033046
17038021
17050558
17051956
17055663
17065840
17070400
17078450
17094401
17104653
17107171
17121807
17122075
17127997
17131341
17147748
17157616
17167725
17169777
17173688
17176585
17185955
17200401
17220057
17223229
17223767
17232698
17233031
17238828
17240108
17243027
17287169
17295196
17301038
17301476
17312481
17316796
17331346
17341646
17354515
17363510
17371310
17375777
17377808
17411831
17416746
17424856
17447696
17449071
17458703
17467782
17472678
17473229
17477081
17478319
17485184
17485851
17489995
17495443
17505710
17531313
17541248
17551615
17553003
17568640
17570892
17594374
17602650
17610754
17612533
17618248
17623385
17630693
17632035
17632484
17645204
17645223
17655333
17655734
17666454
17671603
17677083
17701187
17711438
17727865
17739790
17748534
17748772
17759211
17827523
17837318
17851334
17852148
17856778
17857909
17859158
17879804
17883470
17885642
17912445
17915345
17915372
17916517
17927109
17932666
17945221
17948899
17975812
17990239
18003344
18018584
18031691
18050016
18080115
18080167
18090454
18093609
18100239
18109426
18118266
18119728
18130904
18150294
18150767
18158577
18165468
18168188
18169771
18174366
18182357
18189959
18201039
18219235
18226151
18234640
18253931
18256218
18261513
18312187
18330618
18335132
18357016
18364748
18378442
18382990
18388344
18389115
18393936
18399471
18411919
18434227
18451902
18466354
18478432
18479866
18489237
18499072
18501289
18524171
18525475
18534129
18549981
18565144
18566253
18578017
18610268
18611469
18615183
18617885
18640634
18652664
18658646
18658703
18667193
18670979
18682947
18691371
18704065
18724096
18724765
18727784
18729016
18734468
18738735
18745886
18748880
18749181
18778172
18789562
18791737
18804543
18812726
18815520
18824887
18830839
18848490
18882465
18886047
18897956
18899323
18916348
18921581
18926316
18944338
18945889
18951854
18953800
18965490
18966771
18979810
18991320
18996576
18996979
19001961
19005964
19006893
19016357
19027335
19028157
19028639
19029159
19034517
19045368
19048366
19062463
19104283
19108870
19111702
19126065
19133441
19143185
19157777
19179584
19180937
19188323
19189317
19210928
19228767
19240824
19249673
19251174
19274934
19286100
19326572
19327934
19352390
19363083
19369030
19390405
19399728
19409704
19440872
19447440
19478737
19486986
19555988
19575235
19584648
19588814
19679562
19688196
19699432
19706303
19713170
19731330
19737426
19737441
19738377
19759463
19773493
19783752
19790842
19793121
19793173
19813856
19823701
19831476
19850046
19850432
19867502
19870365
19884152
19895288
19967300
19974674
19981679
19989419
19992463
20007380
20020873
20037325
20050029
20074969
20087336
20115910
20118672
20118939
20119490
20128965
20181592
20182898
20183129
20203699
20212466
20222867
20227167
20232499
20234991
20239955
20274184
20302958
20333599
20343246
20369809
20376404
20378755
20386653
20392177
20401241
20410681
20415650
20436485
20437899
20453627
20469278
20469872
20505985
20572715
20572810
20597410
20630804
20663581
20671198
20671554
20683974
20709284
20711864
20716770
20734054
20744132
20752302
20753053
20759857
20772650
20799629
20824000
20831871
20871168
20886436
20888377
20890466
20911714
20916450
20926059
20931025
20936355
20938090
20954866
20970382
20989867
20992220
20998763
20999947
21000070
21004575
21009711
21010586
21017317
21020774
21027653
21041991
21042070
21046535
21059701
21063603
21100727
21105182
21108521
21111740
21122208
21122343
21128100
21136632
21142140
21162699
21165459
21167863
21185078
21185530
21194453
21195170
21197216
21215789
21221582
21224216
21227141
21230202
21235173
21237205
21243601
21247425
21269873
21278774
21296276
21296472
21296723
21301011
21330864
21350606
21369047
21373739
21393624
21398798
21424217
21436885
21471435
21476869
21477745
21493176
21498770
21502806
21507917
21508103
21528534
21537308
21539210
21553421
21560532
21568523
21584317
21613890
21636804
21646846
21669199
21679117
21692133
21694897
21697984
21700213
21700223
21720149
21731868
21743935
21768096
21780231
21781700
21816494
21832087
21834259
21838917
21845862
21846739
21850700
21855985
21860306
21865653
21866856
21872704
21874100
21875698
21877643
21880132
21881126
21885189
21885769
21910010
21910366
21914536
21918199
21925140
21930828
21945089
21954061
21989947
22020205
22020674
22034299
22034993
22045792
22047417
22061383
22085521
22090907
22096092
22103813
22116322
22127496
22140019
22153891
22154279
22158714
22185691
22188093
22188204
22191628
22194609
22198995
22199096
22200580
22258834
22266872
22275076
22276949
22278265
22279228
22284967
22293216
22300382
22313818
22317311
22324033
22344676
22348284
22358729
22374876
22377360
22382369
22403431
22462266
22467643
22468413
22487733
22490185
22493548
22498358
22512054
22527453
22529343
22534045
22540439
22550927
22552268
22557215
22561946
22564863
22579920
22584244
22585804
22623373
22633109
22636674
22653657
22654770
22654982
22663739
22667124
22673715
22698150
22715699
22727787
22735032
22755174
22760929
22797744
22813551
22820186
22837628
22847282
22852586
22877822
22878147
22893592
22903065
22904866
22909139
22910279
22918037
22943260
22946780
22947289
22948547
22951448
22952597
22956860
22965310
22968084
22998283
23005310
23011358
23012488
23014673
23017461
23037667
23064201
23071258
23071302
23081812
23085667
23086418
23091574
23098364
23102800
23107884
23112838
23122174
23131452
23150899
23157232
23166430
23169541
23178816
23186867
23204481
23214397
23264272
23265920
23282230
23313899
23336213
23338013
23342792
23346875
23353914
23376620
23378352
23386429
23392343
23398717
23400751
23411407
23420309
23420611
23421461
23421898
23430239
23435902
23450976
23456407
23466373
23467442
23480171
23509609
23519361
23530005
23540211
23550453
23558523
23563293
23566817
23601082
23649785
23661434
23661589
23668042
23694240
23697801
23710494
23725079
23736452
23758276
23769796
23769974
23777340
23781497
23785491
23807031
23811679
23837196
23847580
23849567
23849630
23869566
23874161
23889645
23894743
23900640
23905436
23907973
23909057
23911505
23924446
23941047
23942493
23943309
23947774
23954667
23977944
23990666
24000105
24005893
24016011
24023373
24026126
24044852
24046749
24066895
24068379
24071923
24096340
24098968
24108718
24146227
24146351
24156854
24161314
24162668
24163417
24176934
24214186
24219954
24220652
24221134
24226806
24244076
24247536
24250979
24251377
24259611
24260943
24285053
24289361
24290241
24290639
24292736
24321003
24321495
24324683
24327900
24331253
24349832
24365083
24373467
24374488
24378495
24381201
24418001
24418152
24418641
24441775
24446542
24450079
24450878
24467075
24481019
24486591
24489799
24497499
24509921
24545161
24574057
24588849
24590321
24590772
24591250
24591758
24612180
24613550
24615898
24619093
24626759
24631317
24634463
24643508
24649366
24652896
24663926
24664337
24677754
24678373
24684400
24706537
24708453
24715913
24720732
24725388
24739397
24740600
24760844
24764514
24796821
24803517
24808543
24809215
24810488
24826066
24829523
24833417
24836278
24859223
24874786
24874811
24906037
24913507
24919398
24919944
24932336
24943387
24950852
24957870
24959203
24973277
24983319
24983946
24990090
25000779
25014591
25033918
25046021
25050894
25077662
25106996
25111769
25141391
25154866
25170486
25173272
25186157
25190986
25199040
25201648
25206779
25229719
25252719
25253685
25263023
25271953
25273419
25294443
25328606
25330737
25359756
25368384
25369960
25373465
25399830
25402909
25408579
25439250
25480328
25489105
25501351
25520825
25538550
25554828
25574674
25580066
25591284
25595901
25601957
25606923
25612067
25614116
25617094
25622371
25631113
25633465
25642169
25646352
25653503
25658785
25663231
25670914
25705250
25715274
25715311
25761053
25786164
25803960
25811311
25812743
25813979
25814693
25821861
25862527
25867356
25870158
25895611
25903048
25905150
25908882
25910100
25915805
25951838
25997114
25999895
26027837
26043983
26050662
26059811
26087385
26093141
26094338
26096196
26108042
26137333
26143357
26164310
26164817
26165369
26170557
26170763
26174303
26185612
26186253
26193029
26234396
26241728
26248877
26261037
26289565
26304095
26305386
26316347
26324111
26326111
26331895
26341046
26343321
26351442
26352867
26368418
26376397
26404581
26416448
26433912
26434042
26448453
26453126
26455851
26470378
26473992
26474654
26492628
26497777
26507458
26526145
26531888
26577951
26588451
26615389
26634241
26636884
26639960
26644348
26644943
26656575
26665359
26668112
26677749
26681011
26708661
26725676
26737658
26739272
26741529
26764491
26767025
26773080
26776131
26802486
26812666
26830880
26855364
26873425
26877245
26895935
26901766
26908620
26919846
26922497
26924201
26925084
26943467
26956345
26978821
26982693
26986988
27007486
27026981
27030606
27036627
27058692
27061848
27098628
27100216
27109619
27121148
27125489
27131942
27145625
27164527
27172289
27179897
27181626
27189984
27192814
27196612
27203606
27208477
27211995
27220488
27246061
27251842
27259879
27265469
27276935
27281813
27294175
27303752
27316904
27321675
27327271
27341061
27341835
27344041
27355792
27359073
27361723
27392151
27393472
27393939
27394115
27405029
27442725
27443363
27452361
27454298
27481028
27490563
27524809
27527454
27528051
27531470
27531633
27534378
27534925
27540019
27542500
27548083
27554970
27560035
27562648
27576107
27603287
27649529
27657140
27691110
27694244
27704701
27707352
27707975
27722088
27728256
27734961
27746884
27751252
27759317
27759942
27760353
27761130
27770973
27775758
27786694
27790314
27804615
27805481
27814861
27818571
27822423
27842849
27843395
27861052
27877420
27884237
27894003
27902822
27903012
27910316
27922631
27927282
27929979
27994875
28000277
28014379
28016611
28024343
28035737
28057751
28065561
28073297
28075735
28082172
28085323
28092067
28097850
28111190
28131697
28141995
28161368
28163805
28169773
28189578
28195813
28198323
28213932
28239472
28246003
28252191
28255866
28266751
28279067
28295266
28297638
28307466
28308742
28351208
28355804
28363306
28367168
28375273
28390382
28411671
28417616
28419267
28419489
28420684
28464636
28477892
28496652
28501183
28508425
28509080
28513499
28548621
28562018
28574722
28583221
28587047
28611722
28626513
28642860
28644908
28647839
28648761
28651979
28666313
28667669
28671574
28677962
28692644
28712594
28714803
28737069
28740002
28762102
28763640
28773834
28776723
28778226
28780944
28790194
28799253
28805631
28826108
28831410
28835986
28837396
28861347
28870043
28876859
28877988
28884131
28891839
28895680
28899745
28913470
28915200
28945741
28961388
28965179
28968758
28977978
28982185
28983115
29085669
29087396
29089228
29100658
29101157
29131088
29140193
29152073
29153323
29170190
29186682
29196536
29197828
29213755
29221044
29221703
29222426
29234694
29238933
29241467
29248277
29254880
29279777
29283800
29285309
29309361
29318650
29322350
29331779
29376005
29400362
29403371
29432792
29465075
29503572
29511507
29512288
29519146
29523070
29531385
29533918
29566384
29574869
29602150
29604546
29621469
29627049
29641098
29643800
29645732
29658530
29660748
29675238
29680921
29682399
29682820
29686799
29692999
29694314
29728464
29736059
29747888
29753424
29754649
29754773
29768250
29781995
29795007
29795290
29817615
29817956
29822197
29827276
29840671
29849867
29857040
29861783
29862063
29867492
29868441
29882222
29882805
29900871
29916690
29921846
29941312
29941325
29944819
29951097
29951171
29965361
29974888
29976503
29999030
30016028
30028816
30034055
30040788
30053779
30057548
30061163
30069708
30082051
30087844
30091704
30094358
30098890
30101709
30110702
30114923
30130080
30136996
30145220
30147434
30155381
30157585
30169765
30169848
30175233
30179237
30185399
30192875
30218198
30223376
30265826
30283538
30284812
30292022
30294066
30297685
30302719
30305462
30318390
30336888
30348044
30348331
30372774
30380020
30403510
30418660
30433303
30437643
30454638
30462670
30466155
30482871
30486651
30504142
30519936
30526446
30528201
30566471
30575597
30580982
30605837
30621513
30632675
30647699
30688067
30723870
30739041
30744396
30747829
30754894
30777143
30787247
30787739
30788238
30790465
30798063
30805258
30806674
30816908
30819872
30820133
30857952
30873080
30884065
30934474
30938568
30946900
30948000
30951825
30953647
30954745
30981604
30983601
30992483
31019224
31038318
31051542
31054921
31059841
31075654
31084977
31095004
31100784
31108622
31115050
31122551
31137529
31145704
31148109
31178998
31182450
31184491
31196863
31219191
31243005
31267759
31274320
31286058
31297747
31305130
31308911
31321492
31344189
31345836
31346182
31369346
31375587
31381748
31387658
31403852
31411948
31413841
31427460
31442232
31479499
31481290
31496265
31496805
31497842
31503411
31507846
31508079
31525452
31557531
31565669
31569304
31572326
31592967
31596790
31601255
31605285
31619173
31648624
31651163
31669038
31686255
31692555
31698460
31700453
31702215
31739831
31740633
31742018
31753737
31771287
31785051
31790528
31796939
31804885
31822109
31826836
31831664
31836064
31836451
31860433
31870748
31872913
31882779
31887393
31898640
31901100
31905205
31918133
31919144
31920179
31928571
31955619
31979351
31989355
32016649
32018850
32019660
32020247
32025116
32032725
32072994
32078163
32087485
32089764
32089991
32095227
32105080
32109967
32111602
32122164
32126417
32131444
32153478
32199730
32204009
32221541
32228049
32236523
32239546
32244524
32256348
32257924
32276311
32284318
32297311
32306875
32310711
32316189
32345796
32354631
32355031
32377428
32381767
32389070
32394402
32394430
32408102
32412518
32423964
32424810
32438128
32462756
32469312
32471428
32482384
32522465
32534814
32539067
32543356
32557290
32560668
32566039
32607533
32664668
32677431
32693844
32696619
32719282
32734635
32739920
32741675
32748592
32755144
32766979
32786092
32790941
32797903
32806280
32820218
32851984
32875379
32880040
32892162
32906684
32917659
32929370
32931241
32943339
32944891
32956758
32960248
32961969
32967150
32969216
32977437
32977776
32988369
33021063
33034994
33045512
33056727
33080254
33091711
33097184
33097520
33098646
33099766
33109653
33110120
33136283
33169481
33174730
33190279
33194682
33200692
33209276
33215998
33220919
33255833
33260741
33282771
33288716
33291137
33302630
33307690
33326213
33337233
33341874
33342786
33351683
33358456
33359323
33368144
33387055
33397352
33402746
33406230
33427993
33429877
33438958
33439140
33456119
33466949
33467320
33512790
33518262
33521986
33535117
33541868
33544323
33557195
33563142
33563635
33583149
33596117
33609094
33632511
33633503
33635894
33636597
33664151
33690399
33703269
33714458
33722497
33731764
33737097
33742401
33747713
33750160
33762400
33767977
33775315
33776001
33778832
33781722
33790111
33792568
33797545
33814030
33817881
33823683
33853110
33858486
33873081
33874589
33882521
33934910
33939683
33944964
33953102
33954491
33968439
33970720
33973845
33988164
34001790
34006175
34009948
34020877
34042509
34051032
34061007
34063027
34090113
34101440
34108475
34117906
34119931
34135345
34162482
34165402
34189126
34196605
34206566
34226004
34228115
34229142
34229399
34236612
34239377
34249647
34250773
34261097
34265856
34269312
34280630
34283244
34293308
34322315
34330057
34338718
34343529
34345656
34347173
34355162
34356802
34371090
34372569
34374518
34379731
34381033
34381331
34383358
34385929
34414270
34448507
34453503
34472229
34473205
34489591
34490013
34511209
34539530
34540625
34549064
34552734
34559178
34563024
34588958
34615174
34633508
34644627
34645931
34654999
34663154
34666809
34678998
34688647
34694074
34697133
34707470
34740885
34742003
34774421
34774560
34775139
34785609
34787642
34795835
34802347
34803030
34821404
34822049
34825880
34848390
34864871
34865936
34867927
34873737
34876287
34879100
34880442
34937203
34940939
34941738
34942257
34942711
34952500
34959930
34997641
35003296
35029951
35036458
35063061
35067158
35070256
35080457
35090227
35099548
35121271
35123384
35123571
35127018
35131045
35134344
35134932
35137675
35155821
35167091
35178812
35180316
35187601
35192095
35197552
35255850
35285986
35297420
35300569
35304063
35307471
35330076
35342365
35359306
35362590
35371458
35375301
35418096
35428093
35447895
35461146
35464381
35469644
35473959
35493971
35519416
35549426
35555296
35590970
35591725
35594974
35595638
35613049
35621747
35624213
35651336
35652837
35653538
35654605
35661926
35666460
35685820
35699337
35720778
35721326
35727445
35730088
35731452
35739456
35740334
35744772
35763656
35788198
35803727
35805458
35820534
35837864
35838067
35842542
35845940
35846851
35853509
35861162
35876966
35894921
35902684
35930313
35950613
35951930
35961471
35967918
35984365
35986401
35991184
36024433
36024987
36045286
36046921
36051190
36055844
36064529
36071541
36077786
36088518
36096210
36096793
36103056
36124527
36128928
36135401
36148215
36165742
36186830
36190759
36203659
36215439
36223274
36233644
36238673
36238922
36258984
36262710
36267076
36273119
36273150
36280684
36290124
36297443
36321722
36332076
36336662
36343469
36352552
36372600
36373253
36376126
36390050
36399606
36400314
36416941
36417151
36434341
36457191
36460340
36467237
36477384
36478268
36486928
36494935
36501879
36504087
36508207
36511468
36524657
36528648
36532853
36533703
36554222
36569202
36569962
36579483
36582870
36598446
36606051
36613138
36621647
36622924
36625576
36640189
36647617
36648257
36656331
36662306
36687265
36727667
36729604
36731443
36735478
36745037
36746007
36794946
36796476
36798313
36810780
36815720
36817822
36850515
36851437
36863611
36871671
36873877
36873884
36888739
36896615
36942548
36951986
36954630
36966839
36974420
36975719
36977683
36978393
36999404
37018544
37027283
37030727
37038572
37039895
37042324
37043905
37075869
37083802
37122308
37137937
37170686
37176035
37191651
37195603
37214137
37216331
37230506
37255119
37270340
37274225
37280222
37286306
37287563
37331101
37335473
37368679
37370831
37378761
37416309
37469444
37478107
37478261
37493923
37497784
37500684
37511924
37515492
37522419
37523747
37524141
37528015
37532516
37534540
37536687
37542812
37547362
37566562
37577228
37614808
37614910
37620889
37624751
37634184
37635722
37644866
37651966
37657562
37667474
37705524
37708258
37714263
37724501
37758491
37759695
37760323
37765179
37779706
37818442
37819392
37826585
37829474
37831097
37850591
37855328
37858687
37864019
37874758
37883221
37887392
37901713
37917849
37921017
37929959
37935805
37949165
37954172
37970160
37974766
37986735
37997013
38010387
38039720
38057907
38080764
38094134
38100665
38113858
38116199
38121074
38126894
38148411
38166907
38171696
38173156
38197724
38210298
38220148
38232786
38233217
38250301
38252410
38259094
38271294
38286811
38305692
38311322
38312523
38339664
38354104
38371162
38375290
38390141
38395574
38420860
38440217
38442735
38446931
38448840
38454446
38483709
38509517
38523511
38525274
38541581
38551982
38562584
38563590
38566125
38566575
38577429
38581811
38584297
38601862
38603941
38622238
38636665
38639942
38661075
38663195
38668757
38705718
38714023
38714810
38716019
38746964
38774814
38780288
38797801
38805709
38815200
38829040
38841621
38841874
38846817
38860117
38861000
38863207
38888248
38894817
38894856
38901443
38925391
38927918
38927930
38928262
38932993
38939673
38946181
38982049
38985533
38986354
38995397
39006815
39006995
39007707
39007838
39050736
39051509
39053825
39056713
39063803
39070031
39103113
39110665
39111189
39111720
39118112
39121481
39121529
39124171
39129381
39134145
39148457
39150198
39154622
39154629
39164722
39165061
39166011
39177099
39181775
39185933
39201264
39236546
39247679
39269140
39283613
39290268
39290680
39301810
39306284
39311593
39327753
39328838
39343013
39343819
39363808
39369620
39409273
39415238
39416322
39418796
39428053
39433262
39437399
39440097
39449114
39453349
39459265
39461761
39465953
39474226
39509663
39523846
39540052
39551417
39584330
39596573
39611305
39614899
39685311
39695395
39704254
39710927
39717492
39725367
39727473
39727733
39728745
39734549
39749024
39756664
39757375
39766953
39776541
39792936
39840028
39840333
39850813
39872728
39873122
39878290
39888828
39894062
39899137
39899390
39914587
39924510
39924633
39935149
39944851
39954801
39957299
39958421
39977480
39978286
39984025
39999181
40027012
40042480
40047377
40050910
40054842
40058953
40059176
40075834
40095283
40097623
40110299
40117596
40124901
40138814
40155849
40157660
40160324
40161042
40184887
40186997
40192240
40216795
40227206
40227335
40250430
40252021
40258085
40270477
40272943
40288276
40289367
40307647
40313265
40327278
40340132
40347252
40363642
40400289
40409212
40427098
40432297
40444675
40446269
40458221
40464545
40499740
40507261
40524724
40533904
40557179
40579637
40586196
40586250
40591949
40593483
40621755
40634943
40646518
40652702
40681288
40684342
40695690
40716135
40719955
40728638
40730741
40731057
40747199
40749067
40758455
40759124
40765577
40789799
40806584
40815401
40822679
40829780
40831577
40832012
40849462
40884079
40893280
40900364
40913674
40925231
40928782
40940614
40941390
40972702
40973097
40978387
40986589
41001886
41012436
41013924
41020531
41020630
41037779
41063707
41076434
41077300
41079860
41085842
41093775
41099584
41107413
41117764
41134142
41148652
41151169
41186913
41202248
41204762
41213292
41248686
41249740
41267421
41269403
41271777
41273828
41292868
41300422
41338167
41341505
41343758
41344441
41346195
41346921
41347104
41348604
41355466
41372911
41373133
41395520
41408521
41414853
41431013
41431805
41443841
41451020
41460460
41464881
41478863
41488561
41495210
41513874
41520849
41522832
41540528
41555681
41561993
41562454
41571065
41583910
41587630
41618890
41635081
41637289
41642182
41662723
41668192
41676122
41685295
41687292
41690782
41708267
41708997
41721992
41723241
41733824
41734237
41744578
41755989
41761552
41770597
41776912
41788950
41816952
41819693
41820664
41822403
41826402
41827005
41864917
41879675
41880065
41880692
41884482
41891302
41893066
41894004
41896487
41933611
41937861
41939183
41939212
41952591
41971476
41971919
41997909
42005067
42023698
42029372
42031688
42033196
42052024
42054159
42081005
42081967
42084787
42087022
42089757
42123996
42134693
42157952
42159896
42166075
42177410
42214220
42225031
42234946
42238057
42249393
42251367
42259026
42267590
42277620
42297455
42304485
42307432
42311401
42320690
42346858
42353210
42361314
42362069
42367454
42381887
42384657
42388884
42391548
42399907
42413517
42423749
42424895
42430002
42437303
42444122
42454252
42457096
42463184
42482829
42490050
42515996
42516142
42522764
42529656
42530284
42545085
42550430
42551118
42557073
42559504
42581504
42591626
42592047
42606133
42619293
42619759
42628060
42636897
42641230
42666907
42701523
42707248
42707911
42715203
42718757
42727484
42770231
42776463
42785257
42791984
42802001
42807389
42836446
42836857
42866066
42876055
42882715
42885537
42914489
42921857
42924872
42931323
42931817
42933722
42935147
42940478
42946944
42948343
42951874
42962959
42963079
42968332
42978621
42980336
42983554
42995660
43013051
43057355
43083894
43087284
43088883
43099741
43107756
43125384
43143086
43143633
43148576
43151891
43153962
43168300
43172254
43177752
43180614
43195950
43200378
43200951
43209114
43220585
43220649
43222691
43252588
43253769
43271423
43273373
43300009
43309556
43317596
43344692
43359750
43365496
43382902
43388947
43390375
43421508
43433838
43448110
43452851
43457381
43465794
43476540
43482074
43482869
43492435
43500231
43501432
43508337
43519789
43522533
43574220
43581958
43591894
43595624
43608837
43609227
43613605
43618073
43628939
43637493
43661858
43671844
43679603
43680815
43684833
43688436
43702326
43703910
43710663
43723470
43724043
43727045
43733669
43734583
43736301
43749020
43751430
43757260
43772938
43774725
43775737
43777375
43788602
43797302
43800983
43807513
43810931
43831701
43839192
43893857
43896520
43905196
43906473
43908944
43908985
43912737
43913472
43926128
43968809
43969956
43973116
43984522
43988044
43988215
43998668
44015285
44028644
44046676
44056866
44060049
44069599
44071681
44091732
44093229
44096974
44103595
44106685
44115579
44117957
44120829
44125442
44132883
44137896
44154803
44161405
44164814
44168693
44176449
44180405
44214489
44218514
44252694
44254865
44264341
44270556
44273501
44276703
44279187
44282931
44284139
44287015
44293619
44301360
44307946
44350417
44352855
44354494
44357272
44368106
44383806
44384468
44387194
44388831
44393804
44406549
44428449
44428807
44436271
44456079
44457303
44471891
44478374
44485849
44487859
44502412
44509538
44514723
44534920
44542778
44546463
44576773
44587985
44594526
44608422
44612639
44616730
44617776
44640937
44659554
44672067
44691435
44691870
44693774
44694663
44712748
44737501
44748463
44752533
44760068
44781910
44783552
44784506
44824528
44837502
44849662
44851914
44856194
44858191
44859760
44868247
44876785
44913578
44914256
44931912
44945053
44954278
44965049
44967051
45010110
45015480
45018923
45031212
45031535
45035501
45045415
45070061
45075665
45090521
45099967
45124238
45126982
45127854
45135160
45147914
45150027
45162748
45175987
45180189
45193270
45193938
45206372
45212287
45220422
45227726
45233047
45244735
45245544
45251747
45260033
45311292
45316189
45319282
45330712
45351098
45360930
45376461
45385786
45386216
45386392
45388002
45402291
45412295
45422908
45436523
45437362
45453372
45462406
45462997
45488217
45488898
45491757
45493070
45493987
45499734
45511551
45518875
45525147
45525450
45531738
45533575
45535669
45545923
45569406
45575021
45579257
45579712
45589208
45592594
45596387
45611732
45613190
45620128
45627145
45630736
45636046
45638686
45641478
45680381
45693894
45694443
45710022
45728900
45733915
45735899
45735947
45743208
45744829
45760467
45786146
45791726
45813347
45823422
45824711
45828098
45828132
45832288
45834655
45835122
45837878
45845658
45847786
45853837
45859044
45868576
45887637
45925275
45925914
45944176
45949508
45951597
45963329
46033878
46040649
46044328
46052720
46055056
46062581
46066679
46079232
46088545
46099324
46100119
46101666
46115294
46126040
46129881
46132529
46169219
46181848
46182641
46182892
46187000
46187506
46187647
46212441
46221827
46237863
46244829
46278716
46293806
46297874
46310065
46331227
46336496
46339537
46352280
46400241
46413945
46418916
46425663
46450225
46453989
46466761
46473911
46487078
46497909
46502586
46510349
46525963
46538338
46557439
46557567
46609841
46610074
46616147
46656123
46666253
46666802
46676514
46695934
46704938
46706604
46708766
46709338
46709419
46725123
46737617
46747956
46764021
46768075
46770610
46790348
46819923
46825335
46845574
46857874
46862757
46863173
46865594
46905148
46929506
46960773
46965354
46971632
46977274
46979739
46993542
47002616
47008785
47023888
47039911
47056302
47081417
47084824
47111917
47115507
47123486
47130156
47137643
47142903
47171916
47175582
47200562
47204941
47209363
47209927
47222355
47241825
47248267
47267487
47292923
47299036
47299865
47302430
47305112
47308588
47315426
47334479
47340639
47342939
47388174
47389708
47400884
47401640
47405181
47408815
47411176
47429697
47487428
47493157
47506111
47523267
47553988
47574107
47592487
47593692
47611174
47611364
47617681
47632192
47641824
47644252
47653788
47654289
47656452
47669330
47712591
47721114
47724782
47725619
47727304
47728515
47751876
47753876
47768938
47773523
47774611
47782548
47783409
47807590
47812136
47813629
47830438
47832932
47836031
47849448
47865148
47868859
47870963
47878734
47883966
47897244
47908624
47928203
47935750
47938232
47941092
47945572
47948818
47966683
47969232
47980279
47981485
47985575
48000890
48001688
48012464
48021553
48021659
48024088
48036173
48043205
48045939
48048559
48074944
48076663
48080085
48095771
48098815
48108978
48116010
48118570
48125289
48151511
48182494
48187003
48196320
48199034
48204582
48212137
48218338
48235345
48238072
48245585
48248017
48259057
48269877
48272314
48294295
48297115
48310670
48335024
48349070
48361045
48363827
48376361
48409662
48424054
48431728
48443727
48463962
48475307
48476843
48490972
48493269
48508443
48508855
48516933
48526375
48530020
48535894
48540259
48541560
48546186
48548872
48568227
48568290
48605983
48606538
48608276
48626631
48634234
48635236
48636564
48644618
48677070
48681514
48698629
48699567
48704623
48707026
48709721
48723791
48727245
48731420
48759999
48769397
48772240
48787282
48791330
48802700
48805067
48810628
48824336
48824775
48825969
48845553
48849716
48850668
48852803
48865618
48887134
48890453
48920759
48924172
48925782
48927805
48935414
48950514
48951310
48953740
48960813
48971173
48973286
48976181
48994506
48996715
49005804
49007058
49007593
49008120
49009532
49054373
49060722
49068106
49068332
49083793
49098124
49135088
49145503
49152086
49160466
49168647
49179484
49190105
49191360
49192521
49197578
49212492
49222334
49252211
49274211
49327024
49332164
49347173
49352673
49352703
49377564
49379956
49422691
49423477
49426579
49433322
49450959
49461534
49488567
49501325
49511365
49523070
49524586
49527584
49540758
49543264
49551909
49552123
49568759
49577169
49579122
49597343
49598917
49624463
49632813
49642691
49647939
49649177
49656551
49671302
49679748
49683816
49687463
49691415
49694923
49696234
49699185
49710620
49736814
49742135
49752642
49754529
49754613
49760386
49777486
49796658
49811790
49820321
49822568
49829212
49829309
49837216
49838760
49859130
49869523
49878628
49882805
49913307
49923501
49941167
49958939
49991758
49998727
