-47792437
33282771
-38256851
-22717170
-3041052
-7704957
-18515668
18691371
-299165
-7092982
-28876024
22837628
-25864497
24613550
-13710966
31905205
17632035
32126417
11351824
-7398738
-6901156
44640937
-24847731
3340088
-16289778
26956345
33194682
39957299
-1036588
-3106148
-47485987
141968
40258085
39873122
46929506
-15995809
-19612544
-9784460
13098007
-14855206
15850285
25368384
29238933
-2276001
39611305
-27009144
-8458259
20772650
-41825011
40652702
42914489
-40321312
26248877
-14575896
30884065
-33572714
-10742499
47308588
8600455
7495673
-4951004
-42610191
6561797
26368418
-36358710
4715027
-36800639
41770597
-27772106
-45122310
48541560
25046021
38116199
33703269
42238057
-27797674
-41296450
-8621135
-20667449
-48323094
-14049055
-30812405
33200692
-7255532
48920759
23186867
1479319
-4269327
-12683882
24026126
25895611
-18809545
-13873594
48698629
-29320218
-25300071
-49854295
-42508663
26577951
-8536922
24950852
44180405
-5539288
7299428
-455392
25574674
-2192897
-19134709
-34489195
24214186
6100062
21278774
-42417273
-12226547
-21800303
-49585705
42968332
2633618
42399907
21296276
-14640384
48526375
-13473553
-25601447
-13548077
-4898597
-26608365
24292736
-28995530
-43028851
17316796
-29378434
-15155583
23785491
-48892313
33368144
-19774002
35740334
8188014
-18193669
24706537
-1262032
11295660
-39609616
29643800
43253769
44616730
-39744056
47725619
26059811
-26161954
4716825
11185499
33521986
14413189
35469644
45545923
17568640
-8629276
45611732
-33780720
9840723
-39508557
-10018588
-37903981
36467237
16812926
5706013
27761130
19188323
-16871252
22377360
-10851731
-13993422
-15816585
-31946118
47405181
41063707
28877988
-23014210
24725388
-9833879
11043664
3552297
-29803465
26193029
-25754820
-19118820
-49587273
-276832
-46850790
37826585
35986401
-2368373
-4848953
13508030
42457096
37195603
-2350185
-40151950
-19204045
24764514
-14764237
-22169948
27164527
-35029890
48976181
32539067
-3153368
-29183638
-617430
21528534
-47771029
-14895290
28776723
29781995
-11429751
30302719
15408292
-24802042
15408628
-41708073
-33858482
28417616
-29209382
32944891
-48632815
-17572338
-21617592
47878734
-17046313
-12383296
47401640
-19546276
10747654
-32854277
-37543864
-48174255
-9501038
10805115
-25379758
46115294
-36355255
37651966
-4187161
-19877335
-6949344
44748463
41451020
-19432845
-8974155
12753315
12675434
-31534693
10704560
42946944
-19885843
-3244093
-32008012
40050910
23338013
-41913262
-31636126
26767025
21669199
-21465413
-35267406
34228115
-40367118
-13924596
34742003
-14010069
16360342
-25135691
-10525437
-18964440
41343758
14666636
15892279
43984522
275131
-42297105
-23520249
-14004019
-34377462
-1263164
15256283
-41721324
42933722
-35935588
15652883
-33584484
3120601
38860117
-4440066
-22136963
1915
-17560917
33291137
-7322548
9221184
36238922
-41421638
-20167185
34694074
-43883104
39110665
42463184
-8717518
-15478246
37708258
43519789
41248686
-20508775
40059176
29660748
-40817201
-31937342
18119728
-41230004
-31182657
-48017134
-7231757
-26234123
-43660199
-192032
-5879780
7972139
-3663640
23017461
22893592
28508425
-31654710
8726555
-46188331
12699926
32931241
27321675
33742401
-9834922
-35939034
10768756
27100216
-16251545
-45940704
-22395342
-10247825
47056302
-28346849
-33738043
-23652311
28805631
45488898
-20924653
-33544777
25642169
43359750
2996668
28763640
-12512934
-30931560
-27656368
-4316629
-21896273
26873425
27910316
8739066
45035501
11510255
-28107338
-41724724
-32405944
-14499141
29101157
41292868
38985533
31305130
29675238
-16255185
41395520
-35101329
-16831274
43733669
-6965437
-43345858
8106699
-3423902
-8288674
-28523182
-46193963
-11008403
-11516610
6683743
28651979
-393409
44691870
43775737
38286811
-27530944
-24767112
28016611
1413388
48080085
-18559740
-25105906
13601380
-42384970
-13159162
-31015450
-38907728
-39723820
47592487
41085842
-18266265
-5456221
-4114880
-6497113
-12522839
4767325
-1407221
35894921
-22922095
-13705281
-24380248
35134344
-36492981
20890466
-46668815
-15438688
24016011
4718953
-13586674
48802700
2942311
-43076941
-2477315
-39518693
22735032
-16825583
3954973
4367084
16655567
-29615373
45733915
-18451938
-25476871
-12072475
28642860
-8007542
-20267435
45462406
44546463
22663739
32766979
-33592147
-38926172
-40415840
1246065
-18393681
-40557085
31137529
8592949
1210619
-25742886
-18574215
48824336
39914587
-43539116
36942548
21476869
5488590
-40138471
3883036
-19141172
-35367447
-22047013
-28646164
19850046
-30868742
2602420
-6617861
-16967665
1048965
-34905381
30437643
36186830
12779135
14657319
-40511460
35685820
49656551
7502870
16002183
-38942447
17645223
37566562
-39775418
40270477
15395438
34644627
41708267
42166075
-42888039
17610754
26326111
45075665
14025636
12691655
-35993998
-26298798
-39818181
4808364
49671302
4160577
-20626012
46737617
-19043092
11784296
-15044550
-36103703
49736814
-11529119
-7023989
-13305557
-44840050
-37915314
-29527219
24489799
-48984569
-36866047
37831097
-39209253
-967170
19180937
38601862
3445419
-13293060
18158577
36399606
-40518857
-4546069
44106685
8720056
-9998205
-8483123
-12543878
-33900095
-16985359
-1091680
-47790735
-4210891
-8559142
19555988
30336888
3248282
-41474871
-15921681
29519146
-36715845
-7131252
34381033
10059599
-22011461
19126065
33954491
12334235
27490563
-49573750
39757375
28057751
4799511
13598848
38668757
-9155857
16011224
49882805
47728515
-19783854
29322350
23169541
-46115299
-49874087
26908620
-13408644
-17564397
5985170
-41478565
29849867
-4149372
48199034
32239546
-12137431
24990090
46695934
-14269688
34795835
29862063
-3746431
-4525124
40313265
-33277147
23924446
36954630
32806280
-5173831
-5990527
42715203
-7027878
24588849
-36949640
-27474668
-23206627
18411919
12818888
-9013038
-36242339
34385929
-46127456
-34291672
29900871
29503572
38925391
-5082943
35519416
-6039151
-23206658
4248613
39685311
13601422
7616096
-26182823
30297685
-29600796
2440231
9682370
27534378
-6704471
-27544982
-14864876
-2599550
-47583408
41952591
24545161
-32509742
8354939
-41677602
-29995747
-34379284
21017317
-13123213
-13999465
-47503462
-3492818
-17712128
-43705770
36569962
12256850
24220652
-10331284
26656575
-31254556
-41018291
7144224
-3644007
11872740
-7838426
33337233
4863306
14976096
-49880376
-48612582
2956840
44514723
23313899
11507726
-43944806
40731057
34697133
3224204
-27909977
23157232
-38113977
-47232726
7549232
320921
-4078625
-43597927
20074969
32693844
49008120
20050029
37083802
-13735068
48490972
-19139108
-27780621
16708206
46052720
8526967
-15726531
-11815807
47400884
37511924
-29332785
36727667
-46512832
35029951
-11246139
-30521494
11952044
-41925731
-4720250
18534129
-26426271
-19804974
-10622067
-462129
-8088233
-19492793
17301038
-44318205
30028816
-26832168
-3660797
4258248
4979959
-7623538
36863611
-35082760
12043146
47137643
47084824
-13141074
-9879057
-12090721
7560613
8498612
13466257
-38547519
-18030653
14436685
27707352
-42840968
24418001
26289565
16763229
-1399922
18479866
15100571
48095771
2600144
19028157
-41959435
15767234
26376397
-18251840
-48627620
-15830920
-11035272
-41323828
-37459828
-37745536
35727445
-28017053
-41655229
1954395
29100658
-21449593
-48682302
19884152
20119490
-40054980
13112384
-42907552
-32603188
-20468277
21195170
-49718661
-33008704
33429877
-19699165
29941312
-10524285
-14379328
-2384276
26351442
-15258050
-14858055
12370883
-12659685
-25200164
-8446897
-28377737
-16083368
-11810535
18566253
44120829
-8004688
3033655
40054842
-10858880
13749183
-22335587
36815720
-8740047
28790194
-28118903
-34093413
23112838
20469872
-36127596
1128997
-17514295
24574057
-30103565
42381887
-48342008
-24304719
4266259
9469576
23947774
-20468760
-33876570
-24892370
9445369
-20712518
15751569
23769796
-42316492
-42097125
48125289
5534479
-35086877
47928203
38446931
25867356
-35107824
36871671
-7640162
-26849302
-28254381
35853509
-39651402
37027283
-11978802
29234694
44387194
17915372
-15595274
-47245085
-47220827
18886047
13120055
-23572205
17449071
49426579
-22591116
-36977969
-46910922
-47679908
-45587401
19157777
46862757
-32537428
10589497
-6735154
-19942075
-2422981
-25930193
26170763
-13573621
-37669241
43457381
-20545901
33098646
8367142
-40820674
-35124179
47302430
5419838
-34401705
-10051250
-19462862
717317
6281518
-12603622
28895680
-31468666
-29404698
-26870000
-16178273
4695590
-2486602
-26391580
-47340915
34249647
-49630732
-43768706
-37765559
-32868705
-39160575
15125480
-37138712
10197388
36598446
-18058157
-5080349
17033046
-1662633
14468362
-26849714
6719952
-35538705
-46268136
42490050
14691766
30739041
-27881351
-31589079
-19060873
-14262567
17851334
31872913
-35267516
-34466436
-9364239
-4810770
48508443
-31325341
27704701
-26963818
-32285261
44028644
-43346613
-13300842
-16447090
-28106605
-39560140
11883944
-24208248
16796569
-17099301
-17915918
8721132
14891311
-27619860
39459265
-6489781
1328302
-11240890
-18574544
-37267364
22487733
-34929373
-18019971
-17170570
-255245
34952500
26855364
45124238
-47401371
15386946
-44767110
22279228
-4311559
-34082539
17301476
4220548
-34025427
4461430
25033918
-4678356
42413517
25170486
-28401557
1871120
39695395
31381748
-38148121
9823394
-16027772
-7218738
-27322358
-38707522
43893857
46181848
36486928
-19849814
2798483
-24859621
21041991
-2193013
19029159
44487859
-16373125
-17469446
-8152108
9957987
-13645388
-4629935
-48265325
34453503
-21900687
-49092478
1469313
-36812848
24467075
-30789406
15525910
-41384191
42962959
45845658
1921039
-16238739
27790314
27728256
23661434
-41544431
-31626891
-38205972
-36475910
1513217
-26235850
43969956
-34963757
-47855255
25614116
14547126
3710881
-10354624
20333599
991363
-34742085
15010651
-12801805
10122751
-4676619
31286058
49752642
4147527
-17133595
-990342
4597438
-35621368
-5857161
-12971116
-29154600
49647939
-40959289
33402746
-29212033
-34637713
4450914
46293806
10435992
-7938783
36390050
-13486597
26681011
-47730400
8587170
9791797
619071
-10130650
-23808937
35624213
-21140859
22947289
-29057023
-4295354
49135088
-42499097
45791726
41555681
-7210677
-40453357
49820321
47123486
3528381
25910100
47334479
-18265480
28085323
-10817042
33439140
15717574
26170557
-1417957
-13039526
-3162588
40765577
-10332378
-49280318
-48743405
-37242033
40928782
-12005008
-18473231
-49873743
-14725295
5975359
38927930
-20754531
-16294865
-31599197
17127997
-24376759
10403506
-31715239
-14476440
-42878501
31898640
27554970
-24585641
13466719
-47420906
-37945470
-31313331
-8011309
-36248566
13461522
-49145692
-7003652
18652664
23012488
42134693
-4763267
43749020
-35098035
39978286
6790024
-8934413
1545142
-38285068
14252557
-12488768
-48367861
21834259
-42908350
-37677659
-962641
-5548325
9754053
-49322603
-42438935
-36129549
31100784
6551754
-10220974
-518917
26737658
-33827459
23204481
17551615
-46284328
8158522
-12017260
-30876110
-36707028
10896585
7780822
-47293434
49754529
44282931
44594526
-1307385
-46095352
-10723917
-44150744
-47057645
-7351262
28647839
18727784
-26974557
-3792886
5877980
-25423828
16151838
-35720027
-2708189
10999029
36290124
20931025
-33470103
31507846
19447440
-29459258
14223887
44485849
1913366
11578963
39121481
-8240921
-41832407
-24921946
2814332
-32521740
-15778421
-33898291
17883470
12299237
19111702
47897244
-24754849
-11853261
-9472330
3418464
-30346645
-41447551
4373398
22653657
37478261
-5421229
29627049
21235173
20711864
9027582
1361952
-39936000
42707911
4480892
14922537
-13426330
31051542
280632
3410770
36262710
-34732232
-17156408
-31996250
-14782585
-40610501
-19239328
-17413642
-23712391
27894003
30082051
-35907474
17122075
-36473858
23849567
27842849
24146351
48024088
-5047484
-4540270
-39382635
22158714
-7723240
-9562995
-43471766
24365083
37534540
-43314970
16164499
8888258
-18721755
-2877777
10625533
-23851309
-17203838
42367454
-19019846
-37655688
-22631425
-423509
-25856228
4621991
21855985
-46906977
46425663
-23934078
-29177054
33288716
-30385436
-40388026
-5100972
42029372
46770610
17748772
15388093
20118939
20926059
-13674958
-40350442
-12306242
-27209580
-17501035
-36768150
-23014411
-10928339
-44111464
-45786489
33387055
-28934841
-46652959
-34132268
-29736991
16733798
2438581
-4342677
-42502539
1979735
-5106761
-33376514
21027653
-12064758
8387469
25905150
9428300
20469278
24221134
-19849089
-31392276
6044398
46525963
-19852723
31182450
6284968
-34727534
-22189389
5310575
42123996
-22292180
-48731721
48116010
-31217961
48852803
830922
28712594
-42741415
-31269724
-47730164
9455593
-34261964
-20497313
10531271
-43342542
9209676
12993679
44015285
48218338
-28566174
38232786
44168693
33342786
-46987963
6126932
49577169
45251747
-42000517
21925140
5156597
-17071284
-42371902
34549064
-45124927
-39203175
-3613315
25201648
-5756793
47553988
7571175
-30720062
-27693414
-33688463
34090113
-41513953
-12768843
-39818450
-31277433
3697090
4503479
-10931555
-15025682
30954745
24796821
25141391
-20906137
3359005
45680381
1905810
-2114779
-45567146
-38073353
10935722
39283613
48953740
18100239
994032
-33201904
41896487
48548872
23392343
34490013
-6755270
46331227
26043983
26665359
-42620717
-4764565
329751
6613963
3741840
-37521960
22344676
-42521759
-27001902
5426384
-35261834
-31877184
-8864584
46538338
-42554318
-6908963
-27459763
12352361
-5997217
-10418023
44876785
-46121334
34135345
-45644351
31572326
-4318820
-9586054
-19355998
-1471636
-30269451
-11998074
24808543
-46676600
19210928
-32479524
-5296142
-39724443
28073297
3151049
49710620
-49253506
-46770127
45090521
-38759980
20663581
-6771919
-9206651
32929370
13996143
34063027
-20602192
-22772798
-37602275
-41407768
-34671712
-15140417
17107171
-36374661
27179897
-23384815
1331301
16716157
10172362
-42890938
8586247
45518875
-9484276
-20320625
46129881
23107884
6065535
17131341
-13845675
36896615
16896305
41093775
-8360749
32566039
6609020
7744926
6315624
36640189
-9124245
-22554494
-32468519
-42142467
-4459594
-18450028
-10163700
16211983
-18272872
-39952007
38746964
-4044893
-45875328
49687463
37030727
18789562
-38453851
-19979460
-48977574
46212441
44301360
37500684
-24509834
-21659978
-3408161
-11012037
-3753867
36373253
28983115
-4409163
-7514614
-42647728
-41984340
-31472658
-18893391
43099741
-27836977
-12559219
7467811
-1725824
-37771393
5086277
-7080918
5768580
35197552
-21750041
6011515
45824711
23847580
-25213812
31481290
15895743
43591894
12850309
-1120405
41761552
32020247
6662853
35359306
32906684
19850432
-26054551
-13463823
40789799
36625576
1209526
22968084
-27092786
44273501
24162668
-48721229
-29363774
35464381
233817
15198578
16999942
-49555243
-29598365
35342365
-31987300
36376126
-42230462
32917659
17021645
-38132410
-44212700
29965361
-42936053
48845553
-19029111
-15659013
-28829671
24450079
33790111
-8430496
7413035
40464545
-807605
-27172484
-14396612
45925914
-3586597
28977978
9905115
-40136617
1124685
29318650
45018923
-15335130
25111769
-47075519
-18065528
17837318
-48451219
31344189
42641230
6022224
-6140258
39840333
-1988249
-15632856
48699567
-21729368
9781218
-23654174
-41112572
4701328
-48650774
17472678
39343013
6420973
25206779
-48006113
45175987
38661075
35930313
6735011
-43400084
47870963
-33995913
13901796
2154942
-9994925
18150294
9950836
-13023756
-18177614
-43883258
12116131
-3222763
2244282
-37481948
23661589
970195
-28006985
41721992
1860404
-6492921
-46666303
35591725
39409273
-5610832
-2321851
11847212
-9242225
-19518390
33467320
-18185353
23530005
-10987803
35121271
-18817731
23421898
46100119
-36999375
36332076
28913470
44659554
-40512510
44837502
-11650178
2444453
38094134
-24653119
-32381406
-18073500
33939683
41020630
31740633
16001615
28255866
12966430
-39550481
12664911
-47350135
-46561349
30647699
-47077023
44914256
-10137803
48212137
-43227004
-43123602
-34235928
-237138
-26609266
-18784614
-40142251
-32233014
48960813
-26156602
11915513
21880132
-5281668
2392356
-945702
-12589713
45402291
-24162085
-48949743
27603287
-23765916
34374518
-35336388
42388884
-17555681
32534814
34206566
-22307143
38057907
-34893034
-30941572
-25109831
9054218
-4180027
46033878
-39307182
14227112
11812335
30284812
40400289
28666313
-43060465
42033196
22909139
-21744987
25554828
-19992559
-35111848
29131088
26639960
-15176960
10306680
-7634622
-17377536
28355804
30218198
6999689
35192095
48951310
-28184526
27734961
6148000
-19040972
-19547480
-13502078
14842560
21128100
44093229
35003296
-1892692
-45272544
29283800
2891118
-2941709
13901658
-41443873
-31863681
-19403562
39111189
-16013679
30185399
-9336579
33973845
-2690064
26185612
23758276
-25676259
-1766279
-19386542
18466354
11275020
20376404
43107756
-17410189
-36647525
-34427328
-28992681
-7737393
39154629
3869264
-29587126
15600216
-43398659
33988164
32377428
-30397798
-45256821
-27729802
9436130
19989419
29753424
-7228511
38714810
-19321606
-21733227
-18477877
-35723921
-41120722
-16367816
-9116654
2337544
48516933
42921857
3012127
45045415
14600638
9325468
-15980223
-27472782
-32584602
-44732555
26304095
-38001061
-1636046
-16957258
-45794983
29221703
27576107
21930828
-44914198
5960255
-7325894
-40159025
30418660
-40242486
41020531
-2338235
18389115
-10647466
2174377
-6453076
-30911469
8224641
-49161674
-12347073
17185955
-26298724
11055227
24932336
-28020089
1142179
-44245448
23421461
-30896500
47812136
-28774810
9285656
26165369
-24849935
-32608593
-38070670
26448453
24590772
-39547833
2091731
39185933
-44834029
9147683
7177967
-34322399
21471435
3961595
-45344551
-5900067
34189126
-10961389
2028741
49168647
-7203985
19706303
-23499887
-900412
-36046320
234764
30744396
13880906
43452851
43172254
-24961140
30575597
28163805
715653
-39338220
30155381
-29537126
27649529
-30025478
39369620
18080167
44781910
-41249359
-10260804
-5810245
-41017077
188224
17927109
-19917716
-28420883
5110285
20182898
4594847
22585804
17223229
47727304
43774725
-300618
-30841177
-40591978
25000779
34372569
-22678797
-17157777
-26586410
34615174
16953442
29944819
-21306488
18382990
4658473
48973286
-14723768
12505515
-6855966
-16597163
-7408157
-30873675
35300569
35731452
10378959
-7360484
11607341
-33764997
44056866
49007058
34879100
32389070
-12943107
-12377622
-7412382
41344441
33968439
-10810791
-30583062
47653788
-43674044
-44450959
991754
45847786
16059642
33359323
-39890149
-37742856
-32324298
-44482297
31569304
-7377261
18745886
-42350068
11597404
36851437
38928262
33169481
-23586934
36223274
-1772311
-37602624
20115910
-33663868
10636676
15851609
36569202
20128965
-14646669
-22163099
-26117631
-15573040
-21878308
43831701
-12131985
-40012444
48310670
49649177
48608276
-22639835
44354494
28419489
-40335554
47783409
-34500353
13433736
2534486
-36651392
-31889798
23122174
-7113585
21781700
24219954
47617681
-23743050
4489967
44693774
-33037957
-18364923
47641824
49190105
-45962661
-10720040
10941950
-36760552
27707975
-42802722
8205470
-40958941
28548621
10023621
-16253109
7268321
11559856
1312603
39727733
-28637612
33722497
21059701
34379731
28648761
-6410407
-11860998
-20229819
-34061538
-13518172
-11192522
41827005
-45319120
40047377
29976503
34802347
18031691
49352673
-48639481
31178998
8566312
15547988
-25740306
1567040
33814030
-4142574
-3807592
-13396636
8994843
-36270894
30482871
11658414
-43946755
33097184
48349070
-4146723
-46636092
-27340305
-13164392
36343469
-28161455
4921867
27922631
27903012
46764021
-1436772
-48583520
1573307
22185691
-11865857
-1337787
-47159274
-49363580
17945221
7722960
-4799092
-10415415
44851914
20181592
76227
12643607
-9891622
32424810
-14695974
41443841
13784365
14145230
42259026
-28161047
43912737
31413841
-16630878
-14588305
25633465
18724096
-5329089
7340662
-29441652
-39678188
44115579
37614910
-11033743
-25082096
-25001482
-11631733
-32196989
16107700
4760866
1668826
26986988
-1528663
-41887990
-27166663
-43028237
-1261821
-34366802
42581504
7163870
-31302695
7317303
-44256546
16970606
34006175
16995888
12972214
7341763
-41415624
-34184548
-43266743
11800101
-36763175
-215188
33326213
5751274
14720869
11983157
39924510
434072
35067158
-21328058
9144312
28884131
-83116
30040788
37515492
-28796357
30147434
-38600660
-12139026
-3104643
23435902
4941690
3290568
39453349
-14889499
16834910
38846817
-47782690
35127018
-16331972
-36216567
2098811
-25265405
-48315421
41561993
-32790171
24446542
26164310
12037977
-18815624
-17035067
-26987861
-14610269
12189352
-6741949
24259611
-38570076
29921846
39247679
-15266285
4728103
45710022
13613760
40815401
11916944
-10498675
13853749
7555631
-25770053
9428076
49696234
-24095012
21350606
-19598632
-5082916
38442735
10864773
-44028070
36687265
-25301944
21296723
-35202983
35652837
-33158929
38563590
-35545476
-38727654
46278716
6419765
-3461603
-2528675
-20522313
30061163
-19867184
-32780991
10720770
-21295659
17748534
26143357
-30543635
32153478
41880065
-31729402
4271217
-41577484
12488441
-30582125
-30641897
7812427
27392151
-41133312
-32781845
8781849
25580066
-30218674
-19700834
5817935
-38947023
21221582
4093429
16047230
-25251931
31919144
37765179
-43906987
22191628
17495443
-5504071
-12720309
-28182011
37997013
23807031
48045939
-18285780
-27182387
37370831
-28532213
-10139922
36508207
10081462
-43031211
7397229
-33016929
34347173
-2727106
-45520482
32988369
24023373
13701084
-31665927
41635081
30372774
18189959
38233217
-33141148
20911714
-47083365
-34401836
34774421
-22505471
-35796590
19486986
43723470
-46365294
-2985133
20437899
-6578988
41971476
-9929407
-42491424
3631555
-1233223
26027837
-16016142
-40040832
-22579885
39056713
-38886293
-33450733
-30684366
-14484434
-45353436
43482074
49913307
-25896154
-4653759
1571942
46297874
-48121016
-18567313
-18519298
-45775257
-20065389
-36442631
38523511
-11045253
27531633
-10615058
-19557401
-14347229
-34614873
772728
-16617816
-10894516
31496805
-30804881
-36511820
11833212
43710663
-42688426
38448840
-15181380
-20110269
-40295497
-17951001
-31218540
-147637
-18344469
26588451
-46128477
22188093
-20108844
11034602
4369551
38252410
-41469874
-33694295
43896520
-29635321
-40556715
-47962433
-23479899
-6496556
-13856752
11819760
8113895
-18094333
17857909
6498295
-6941149
-4097778
-23389317
-8308214
-13763574
46676514
29795290
-26673412
44694663
-5864493
-44804136
-21205324
39551417
-41698390
3153464
-24566699
-37642112
29916690
28195813
-6529169
32394402
27196612
-46242763
35961471
-29010915
19045368
-11338317
-6043270
-44480299
2891077
-30331878
-47395070
38259094
12850980
-1332759
-35778032
-19164977
-22735584
-46240739
-28492032
7261898
8608511
-45160910
19831476
43522533
14461502
23150899
-3089635
3335896
18944338
-28962450
7977474
43088883
6942107
1031369
-48616998
4464964
-23840017
20436485
27007486
30938568
9929531
15391878
-30964063
-23158652
-10718011
-21672905
37335473
21872704
46825335
-32003005
17169777
-49513940
30145220
8685109
36400314
10702976
46099324
-15036264
22382369
-20286203
22324033
18174366
-38687420
-5193507
-17377061
-49212054
9147343
15857071
-9408744
37075869
42530284
48924172
-24613549
-33793269
13914990
38663195
-8389063
-29018823
30403510
-39297882
3187894
14062359
-14338802
-41524353
-16220849
9642157
4663782
27759317
49450959
41338167
-35548599
-26187465
-31315477
24859223
-29571264
-2556833
28420684
2111813
23558523
9876783
7049884
14969711
45638686
32032725
-48220026
5901659
11824151
-3467490
20871168
-14698457
4495174
-14096243
-22025599
22636674
-38666586
-36635789
13642741
-42748673
-34420666
-17666607
-41779254
-42648785
-35555996
-23283689
-3922816
-39793965
38581811
28189578
36504087
-10136447
14354045
17711438
21914536
-10368681
39899137
42052024
13845875
-48644580
43679603
-41214785
46857874
44176449
10803459
-29370300
35744772
22852586
-8801352
6614776
2796405
-30611023
47836031
12265496
31219191
28367168
-24248345
7177722
-29713745
36416941
45351098
-45316678
-17614907
21860306
-45276963
-39186817
35967918
-29756038
-11492126
36817822
49179484
4388820
35178812
41685295
-31533923
-13416050
968903
-8739015
-39877954
39070031
34559178
-48647216
-24032710
26739272
47008785
48707026
47142903
-3362514
21700213
-14421041
-19894916
28780944
-21507556
-11196528
46709338
-26619382
38080764
31308911
-39591112
-3967993
29817615
-48034618
-33101217
36850515
30192875
-28697703
-13103489
17458703
-27528691
-42604256
-23171893
-7775164
-47276659
39103113
-10811250
12767426
15289247
3875633
-26435279
41249740
6989915
37986735
-17611141
32089991
34162482
-24282643
940380
-13375812
11484368
41202248
16616380
-7790608
20824000
16781321
-16186453
-40453696
35036458
-25102887
19575235
-27342139
12618886
13936566
-20126389
-6872551
-24860514
43465794
23411407
-18655545
38113858
-41482229
-42210223
-11279217
25173272
4292436
-6089786
-5594079
-6657167
-31729672
14452768
16361665
39181775
38577429
-34557531
-27383774
-2259367
40758455
30787739
-27608719
-36044807
41668192
2858070
-20558248
46182892
-26050424
42424895
-41905464
24098968
4653275
28968758
32204009
-44367776
-372334
-9089415
-43801240
-7831678
17932666
-2898655
18399471
40427098
8615317
38716019
22557215
45533575
-36879639
41520849
-37466129
41077300
49597343
28714803
14250040
27877420
-41808869
-49468155
11039469
-39184975
-44733977
14310695
-13736778
-7622492
-1176841
38312523
-3983788
6161731
21194453
-27016104
-3468997
-20009555
25821861
47209363
-19109899
-6046890
-19358900
-15097086
-39836846
30946900
4798525
27393939
-3502536
-21307785
-17576056
40730741
18658703
-16047284
31503411
-8717057
42770231
-28685678
21046535
-30926295
-19336842
3419800
42297455
-12478403
29680921
7717656
-10234037
35167091
-6561288
31702215
-26887891
-21338040
-28296510
45613190
-22882098
-36023323
-5624559
22293216
2041526
35493971
-20479417
44284139
31836064
-681668
-39207311
6951482
30981604
28574722
-32819548
-36763462
29999030
-30104028
-15958704
-3910939
36647617
-38923275
-14859560
43300009
-46388082
18018584
-33598718
-4389130
-28760412
21731868
-45581994
-47820914
-43727657
22090907
-21153018
14886459
-14927693
30454638
14087924
-6715698
21165459
45126982
-9310953
-48240907
-44426600
33858486
35876966
6306456
-24379404
1547119
32228049
-14537210
2571429
12064199
-47962878
20302958
-23313256
-9130252
28375273
-20199378
21838917
-1324645
-35681306
22903065
39343819
8666481
-42002799
14835392
-8699684
-28635669
12125776
-5459408
34226004
-4613414
-1057985
-5253427
-17662898
-48219291
-40917134
-30502728
19062463
-42078313
22020205
34873737
34940939
36321722
28213932
12136883
-25856625
13853106
-23463538
-24665542
-37100112
-42783584
-18091138
-3508168
20954866
451135
3634392
20999947
-35093158
-9013403
40409212
-19836676
40216795
11068808
10386964
-47246192
-16743375
-9764680
2884124
-21046608
-10723691
-45097120
21850700
-5305715
-9432082
37635722
-8153582
-39810873
27131942
40829780
8954316
41571065
-23194956
33635894
10345669
-35140901
-39165995
24615898
-49947263
28014379
-42049577
-34102316
-6270158
-40080315
-7238800
15316000
-27890901
44287015
6322922
-38455608
35651336
19823701
41478863
40227335
-31213622
29254880
34867927
-37116939
24285053
-22205609
49811790
-8339113
7913376
-19505164
17655734
-11167017
-33948887
-26407837
-38747103
22552268
1333561
19274934
32977437
40749067
5806159
48074944
49683816
-40907586
-36488681
43613605
-27641337
1768719
-12123292
21502806
-45136764
40363642
-44869123
-39121542
690294
36434341
-23505337
-30602723
-39780323
-15584448
3513236
47305112
2951864
28307466
-46816640
-19549159
43702326
42304485
-12931350
-17985377
3981266
-45739142
-39877888
-20961772
-4584785
2424136
39363808
31771287
-44679177
4480429
-49899869
-28635215
-49329759
4169446
45135160
-37097634
-8207672
-35463392
34042509
-30801006
-38892962
6201855
-43364202
9613976
-36928598
-34964436
-8053082
-41676674
8197419
-6522613
7652781
23869566
48769397
-40455587
-1256807
23990666
-109764
25501351
41939212
43724043
-7276152
-30445393
-11224166
-18406681
6397252
-33498414
42081967
28837396
-18119021
-32356728
-43176340
714103
34283244
-27731160
-27301584
28161368
-46152096
22529343
31508079
16613049
12969169
-45244353
-46526836
-26730477
-10860135
38305692
-43779987
-35692793
-46740582
-40142162
-30355718
5075736
6227882
47656452
-23783741
-28911709
48805067
-32482899
-47068430
-35150824
36024987
16028367
-44715387
-9666682
-48279729
-33373127
18996576
36582870
5473325
-34225870
2314964
-30843546
31084977
28876859
39935149
-42067767
-43327142
-10343622
-7808490
10479273
7321346
31698460
37042324
-6394892
41864917
-40992109
-29296095
30318390
-6474192
-36554129
-43843890
-30245582
21010586
-36673787
47724782
-34000240
24874811
9663583
47267487
49212492
18921581
49991758
-35696720
-39077197
24381201
-17431729
-24893521
-35721613
314706
15373345
339623
39053825
40978387
15060531
17677083
-4403731
34876287
13519134
-5312856
-25250487
-45476668
-36070726
27760353
19790842
-40656291
7411270
-17409506
-26632324
-19707998
18234640
-45143926
44737501
-18607408
-8054529
11985947
-47913470
-26476468
47248267
14269143
5512461
-35595160
-36845302
22045792
16443284
33109653
2368706
-23847265
12230965
47712591
3250159
-39005053
21568523
-37321115
17232698
-4781117
-41990907
16340600
4258464
21142140
-47655623
-45783991
30087844
-666070
-21632056
-2599729
43751430
-36855637
-41118211
-13067026
10445989
11971997
-32497723
-26459036
14872773
40579637
26352867
-40614076
-35293650
40524724
42628060
-33058170
25705250
24913507
39977480
-15904321
-34792746
-4980515
1245504
-22138020
-14293998
39440097
-43291901
42391548
-48916523
-22313458
-12369367
-22384930
-30372436
-12659042
8195257
27281813
34825880
-4628826
18330618
-2740964
-29804020
33209276
-2852585
-43256010
-6974051
-29657134
37018544
-6968563
-19191262
15840063
36297443
27443363
42636897
-32601974
17070400
-30440766
5291519
28496652
-27835676
5684343
29241467
-9984183
-21357394
17671603
17489995
20753053
28065561
-32118732
-32082292
21020774
41013924
4378808
-41074002
-9475296
23977944
-4771386
-38550138
-30206424
37497784
-24563938
-2920051
38636665
-39456680
43200378
-13291004
32851984
31442232
801084
-39005795
25328606
33255833
11773504
49632813
27036627
9543699
-14967335
-47110196
-35547818
21646846
4946709
-40782574
-30382792
23697801
45694443
49837216
10400304
-46466041
41734237
-30085768
-25157949
39007838
-4022962
47830438
11853890
-30647471
12255318
37819392
-7374643
3539317
-4440017
-19347706
8837995
49192521
40684342
27804615
-44967602
-45377597
37577228
28982185
-36751103
34250773
29153323
8353618
-34544293
-36331587
44858191
-42388475
-43477821
-42965653
7398122
3707356
18965490
1161004
-7481827
7053778
42995660
14600273
-13212683
4476088
2360224
27211995
29682399
-28683209
-48759508
16948232
-7774372
-37085317
-23985657
29817956
-2643728
-41617317
-49188125
-32476026
-34039585
25999895
10975384
8293215
22527453
41540528
-2060383
-29746089
38603941
-36882640
-2917623
27805481
-12192147
35304063
45951597
-32184240
12757568
14851255
-39990374
45311292
3538571
-48151711
-2778779
16839693
-41873442
37280222
-46785420
-14338875
-28004416
34941738
-28526613
-49627017
-17217831
-29568796
17885642
-25485395
-42529754
1836701
-33048353
-18494614
35590970
44368106
-11125776
19251174
-8730256
-7319953
38894817
-26018963
-12608054
4038610
30504142
-17474655
9445703
-34727826
48791330
28092067
19584648
-37414179
-28863849
-19772016
-4888142
-39831618
-1668753
12087445
-21900244
36794946
6110012
32967150
-39662010
-729371
14617859
41755989
-30993866
6683369
-20320367
1110106
-19610885
-35854217
-23403221
-33942400
7179089
12450142
-11010959
-32389089
38639942
-35018195
-48288853
72181
-22916562
-14024239
1554217
-38462099
-25638990
24497499
34942257
15117540
-10978328
41513874
-36160990
21373739
8244528
20239955
27540019
-12739392
40160324
19967300
31692555
-25054401
-35217807
-29337970
47773523
45828098
18734468
6621960
-41348217
-32372058
47908624
-49468018
29754773
7615756
48076663
-29237723
10867795
-30251332
27344041
-12431680
4692148
-5788790
47299036
7564202
-40407969
961801
21584317
917256
17238828
-37879830
-33142993
29941325
32563
20378755
33427993
-39087370
13826358
-5306642
-35879779
-1551721
-24156333
-14079683
44509538
-14353014
-10472702
16609171
-4761509
46845574
25538550
2199853
-12923706
-31888141
-21778998
30934474
17915345
17912445
36528648
30798063
13163797
16978525
-36482175
-1527697
34666809
-7362224
-12247515
28363306
-3410669
42320690
45206372
28351208
47574107
19981679
20343246
-20993884
-23529576
-26556954
-15105619
11305622
-19705704
23601082
32095227
-46337888
-2440765
-41940136
-26960730
-9770829
-4769606
11503497
-35694841
-16863236
-6877281
-283392
-14482179
10327066
-7991486
26802486
1970350
-30780678
-16433304
40327278
41464881
21507917
-33822542
-11380310
3889813
-49190736
-20788966
-17932604
-44059257
-33254765
15566217
4205129
6789396
-12661483
-48543276
15565902
47081417
-34545331
47340639
31369346
-44820792
-16142689
-30480129
-27889338
7783163
-8474199
33099766
19783752
-6619900
-10502037
-4189233
48182494
3553269
19104283
-42590451
26776131
34001790
33944964
-19389930
-9789995
4148542
-1119875
-22829111
-18391803
22275076
-37857265
-25537698
-11294952
45525147
-32650651
22951448
7719289
-44652643
-36998859
27121148
16820845
-29713605
-12850930
2240716
18003344
2705174
-17521470
43684833
10456868
11058689
-48105260
30094358
41690782
49347173
-30462969
24251377
-21168715
6509329
11139444
-19422811
-11694738
385075
2085647
12261771
17594374
-29549920
-46264785
-10801592
-22025160
36024433
-16339509
-41863745
40986589
-10187629
36096793
15018181
-5714763
31826836
-6375170
34356802
-25133596
-20884821
21553421
11633332
46965354
-21341714
-39241548
-17800535
14580097
-27733166
20410681
-18718023
-36702112
-16874568
-37889141
-10996481
25399830
12210787
36165742
-45221860
-39367632
-25678098
10479776
-45700020
-44285757
-32440092
36494935
15686328
37255119
47593692
-33761550
41522832
96286
-8119189
-2414190
-13137923
-12396622
-25457417
18996979
23014673
26812666
-21564414
-14761958
47315426
47832932
-22530672
12364906
13152214
4244419
-29124710
-24521925
-22872880
-20130057
-22584573
27994875
15886629
36554222
30292022
-24489377
-39851363
-23331285
24760844
30787247
-33397363
-48351167
-11660564
-25786216
-28673527
32025116
41460460
-31191947
3801761
4204783
3999758
-7255257
13928590
21136632
-30525065
-5388204
16376067
46610074
32734635
22085521
27192814
12186306
46132529
-14482413
8594619
15916310
47023888
-25701819
-9555844
-117593
-41128555
25908882
-3488627
-12147967
-10011992
-14440081
9223133
43908944
-38196020
-3496296
32394430
-42272580
43195950
2182673
-44989295
-26479572
-20215953
39166011
-4357540
-23099431
-41525015
-5272277
45853837
-40694939
46040649
3908365
-20214062
31479499
9087603
24983319
1999408
32786092
-32610296
47171916
-10698928
1111979
26473992
20709284
10423041
44691435
1665588
-41827956
-27624177
-35093610
16118057
43476540
-46278918
-42429772
44859760
-29173887
-39440019
21845862
25253685
14851109
-10510321
22374876
32482384
-6389256
48626631
-31035165
17618248
-5856134
35845940
-1334803
-3936783
28464636
-11626962
-40910410
7782036
-16270034
-46329649
987900
-12948678
-44263095
2244485
-46437930
19895288
43252588
47669330
49511365
28778226
45385786
-47792160
40347252
-39776647
36662306
11420342
41562454
-48227066
-43048829
-43288981
33776001
-8334480
41733824
25803960
-35379476
-48133216
3720641
-36393247
-44257131
-38047697
31831664
-42494981
5406751
-10508846
5469006
-44944231
-24836511
-23280853
35902684
9818448
23909057
7013402
18926316
5674021
27818571
48196320
-21469623
-35736915
-19102507
7808187
-13620046
35063061
32438128
-42675359
-28051577
-41599648
41269403
-34635386
-24744830
6318433
47389708
26526145
13666295
2497388
24906037
-39314225
-43299893
30348044
-17252755
45244735
-23035205
1935956
14324701
38705718
-23593251
-8663752
27341061
9624554
-39038626
15771151
-32260910
-10887378
-24236467
11036794
-27553391
-34890032
48935414
4904631
-43217675
-6508063
17859158
-45490561
18050016
-36294047
-48143824
40728638
48376361
-30716569
24046749
15161807
48151511
-24757734
10711703
-44725583
32109967
-36559479
-27610731
14209507
-15793630
-43731777
1965649
-18738248
-31106639
20998763
-1227172
48546186
28513499
4163530
5980711
-27644823
33541868
-31189297
43365496
-19026146
19737426
-36402520
-480331
42031688
-46952267
-43826606
-39626673
12061800
-12011304
-43664834
20401241
45834655
16936232
24590321
-31916039
-16380563
-33600760
32607533
-4699171
-33038856
32276311
17701187
-42939362
36796476
-14615625
16283455
15365975
-26469400
5288468
21989947
-35464748
29621469
-31013516
24247536
-7894255
16040238
216079
-17016275
-46355744
47807590
10636497
48535894
28915200
3369141
12178119
-10942185
-31742573
-47366382
-48562803
22096092
10339924
29728464
11023693
-24591557
-10404329
-3251959
38250301
47388174
-12432356
-28631874
-45738729
-32858898
-9897385
25252719
-20706146
1370012
-11649846
23519361
46747956
13169551
-45819712
-20650540
21881126
-2442611
35362590
42701523
36511468
15770143
-37351174
24373467
16211161
19286100
-18604888
33512790
-18449301
-42186812
2054373
44125442
29754649
-9219570
-12189629
17363510
-5877435
-39191042
-8886912
-4281653
15603345
1977327
32719282
-3447761
-18925911
24836278
-22108468
3972515
9165936
-8212422
22047417
-25314957
22258834
-44194078
17739790
-1044767
34330057
37368679
-9043171
-17200204
-12701879
13617751
-46697912
-27126991
8806292
-47047541
-35014337
-24175614
-2514652
-5469517
-24498588
-40747760
-31405317
8789631
-14811224
25595901
24943387
-5060259
-24160284
6606662
-27191939
23005310
13306726
21636804
26634241
11226107
-5721171
36977683
-47952058
-22225405
430034
-33374405
16153872
-35325869
16253471
9532511
23214397
-29944071
-1211536
4485600
38454446
9831847
12908765
10659748
-44467142
48297115
1910872
21393624
-45883291
-41083662
-17447353
43448110
625397
12107860
-39194321
-5891766
-43747001
18165468
-22174353
4304801
-33054080
36888739
-25213929
28644908
-15910305
-42848741
38271294
-5858644
6472514
-23578848
32122164
-3869805
39328838
32977776
29248277
-24526027
-405568
-12758925
-48544810
26316347
19974674
24066895
-20116127
43125384
42251367
-5239223
-9580225
42081005
-27265888
35842542
-45288325
18549981
22633109
-12759424
93
-3939429
-17121096
-30569636
-40813858
-46018684
-13801142
17167725
-8297807
4621447
-28925687
5066854
6099310
-30137722
-29898124
18991320
12099402
44502412
21167863
-24223015
33750160
5406242
26943467
-15865340
32969216
28390382
-1896155
-3851514
23942493
10717583
40340132
4969445
17377808
36729604
9580337
40138814
-3143465
-9419163
-27458089
40941390
-38242290
42980336
26668112
-12290124
31346182
31836451
-31050808
16331415
-43630150
23849630
40186997
-4435560
-10852518
1643751
-14637940
4190872
8419327
-32497054
45743208
27902822
10381674
-33697204
31148109
16842224
-28675205
4477065
46221827
46244829
-20635648
3742923
38220148
-10295052
-25123600
29861783
-40524725
38166907
43209114
-45425237
-12812539
-38176522
-20400928
-25421103
-45993266
49941167
-8488676
33762400
48294295
45227726
-33608739
18897956
11455303
42023698
-39166578
20886436
-47497511
-17348741
-20206407
14080993
5769558
-43068590
24874786
4216298
12374222
-33115243
-8304870
-18427059
29531385
-8924388
-18802892
33110120
-28443568
6824015
16822773
40272943
15796298
-38282847
5310917
-34707318
-33962610
27359073
-6169732
-48234431
2686765
-43161062
2239741
-14821478
33609094
-28026634
30157585
-44492494
-31201002
-7032931
-15006483
-19213048
30098890
43500231
-45600167
-45066238
-16644410
41495210
-42288907
13280166
-7975506
-36363082
17176585
28773834
24649366
38946181
-36237323
1068667
25812743
15875608
-5402773
34414270
-48508250
-557214
-5240101
-36924117
-1617411
18658646
1944069
16116330
-36537894
48605983
18090454
37542812
30948000
-44725101
19713170
42948343
42454252
-13137036
-28456244
36190759
49796658
38395574
27203606
29331779
39154622
-7726227
-19665176
34848390
-37522955
-44051040
31115050
49005804
-32428903
-30526975
13247297
-31008416
10245718
-32400146
1552334
5726029
-13976229
-40849662
-38127129
14007770
14921455
39792936
24418641
-6584808
11324446
16695339
-21672967
-33313097
-34122209
20234991
46557567
47644252
7562975
1552237
-29547649
-28808684
-28081885
45193938
-16969311
13560621
-13605264
10313801
31790528
-46104319
5515543
-44935594
-30506776
-38795267
44103595
-48533104
-44687873
13837762
45010110
9639718
29085669
-38671768
-10006026
-6779012
-8571611
-32970390
31565669
41001886
-49828002
-16246696
-23301500
30788238
46062581
-41351683
11934619
-48631720
32355031
3678384
23777340
-3610665
-18329851
10346883
-4539587
12052781
30136996
-3898195
24631317
39150198
-40930373
17505710
39924633
47948818
-36464585
21009711
-31796624
-38070152
995689
-15795454
-10094611
27276935
25190986
-26325978
27026981
47611364
8821222
42346858
-20311743
-35108388
316296
37970160
47342939
28279067
-15222886
18966771
38171696
-3120753
-25826979
48424054
-26955660
-20068846
-16469534
10643250
-44455760
28097850
-37141755
46977274
-15175340
43988044
46055056
-46740354
21185530
-18906732
13406286
14887543
27531470
-23968537
-39346147
-18164475
8164282
25186157
-10711053
30580982
24919944
-35634646
18617885
-32743142
22317311
-35919118
-19575812
27030606
-46557740
33045512
-34498094
36233644
-5681678
-11024632
-41749719
14315145
-42884657
48644618
4399490
32381767
43800983
5260597
36613138
36477384
-14478914
1451193
44357272
7054561
-45844096
26261037
-22002779
22877822
-46898791
-31316442
32221541
-40958683
-45424077
-43951719
-34850752
30053779
-25800490
43574220
-1603083
-37423988
-15149461
-31788736
42550430
36999404
-13739291
43609227
-49029301
-7442693
7836902
-3460768
42866066
-15392637
1493170
16514416
29686799
-34278364
35123384
-43092494
-14095709
10993303
-32134875
-44846000
31184491
-30154963
24810488
-23363482
-22354430
30983601
-9650341
-6734136
-3208102
43608837
-27633249
-23436541
19143185
-33467859
5486625
5262609
-34341788
24096340
-42592205
12058187
17827523
-17458446
11275694
44264341
-6455377
-24182216
2330107
-33847274
-22133432
-6548722
29645732
-41128564
41891302
-25846314
36088518
-38037034
-46783939
-7099209
-16021518
-7353639
16730577
-10990450
-46101250
-19751986
-36536725
-37488817
-2626969
36372600
-45117545
-18129172
-4590364
-23692855
-9290480
23781497
-11819902
-40983283
-23192445
-8150606
-22794313
-31423799
-30933412
16267138
-24515586
-16917145
-7403380
-12426656
-26671524
33632511
-9533938
-22492327
25050894
14314291
11670621
37614808
7165734
38982049
-49720714
12931208
-23375931
14905479
-8667826
-6512108
-8975854
-44706186
-35470526
-29226202
20007380
40058953
-5409559
-21216440
-29628452
-15937302
38010387
-41515484
30175233
37274225
33563142
24146227
-31171275
42444122
-4914794
45220422
4014422
14275548
11990252
-1328443
-10186764
-2448717
-48116231
-26821401
-35529639
1247677
-28643481
1592791
43382902
-37258346
15134190
28799253
-16905024
37286306
-7794241
27251842
-22452231
-6522399
-48045378
4787808
38390141
432511
-13280785
-22558508
4449588
-47804458
44270556
-3807868
-33265669
17759211
43482869
28035737
-15998517
-28874164
26919846
36128928
-47715761
43661858
15471101
37917849
39540052
41819693
-26400905
-30080261
32257924
19048366
16464554
32105080
-11079312
1484112
-40121333
-8848230
15481578
-32573738
45491757
-1782703
-45483173
-39276651
39596573
-45296232
-45309351
-12640809
-35411563
20369809
3925497
-6163142
37416309
-11790102
38525274
-44853269
9289206
-27105053
-1851143
-13129305
34108475
10758950
-23163548
39290268
24826066
-13284038
-12827448
-12708685
-23370518
-9983682
32244524
-20630430
28411671
-46611199
13678133
49332164
-29713746
-22405919
-8944167
-46982901
44428807
-36280681
32236523
-23082204
781197
39725367
-22295487
22493548
-35852316
3166851
-39612477
-26604090
37954172
-36815228
-47212171
-22231895
45462997
30816908
-40228162
15567501
-26196130
23907973
40681288
19369030
5594832
38815200
8734939
-36377851
22188204
7409387
-34904117
-47219148
-43245053
-12752006
-49235800
-27532522
19179584
-33189563
-27262368
34343529
36745037
-18785989
48363827
17416746
23398717
-4706394
-2220702
-10405080
38622238
23086418
26433912
43153962
28945741
-46890059
-47074248
49878628
6842772
-45909479
30348331
-36990812
9526685
-4877384
-37350864
-25004153
5494982
38986354
39301810
48634234
-21016588
-19410295
49423477
-24059539
20888377
42559504
-18135282
-19069167
-15366225
-48421193
16604535
-28830262
34489591
-7175292
-41880104
19399728
-22111254
-4858364
-29057233
23941047
-6418876
46310065
34663154
-41608161
34654999
27657140
-23800578
-28929735
17200401
-12122312
-18482320
-46964227
24441775
25813979
1139490
42707248
44967051
-23211422
24044852
5283508
21301011
-5605178
33882521
1020883
44752533
30951825
20916450
46725123
24919398
5867905
-6237942
35070256
26677749
14640573
44137896
-32142455
8308756
-38837857
17632484
40161042
26901766
14706790
-8679890
2984523
5859375
-12535821
-44609826
42557073
-11555003
-15315852
-21039032
49777486
13249758
-35153570
38173156
-6412122
-24469721
33215998
18525475
-35402290
45015480
35803727
39523846
-12951848
-45418176
7089642
22727787
40759124
-42384584
35720778
-5689309
45412295
22673715
-5104315
23725079
-11230897
19189317
8629015
-47378637
3102413
22534045
27061848
-36423198
-26419997
-28768064
-14748019
-11763171
42157952
-25995168
48108978
42807389
-11458997
-44753292
18824887
33953102
384668
27884237
-13279291
41894004
-36181175
-6673953
28826108
32297311
-45980149
43200951
17856778
-19471968
48187003
34355162
-566173
41134142
-40212114
-21278453
-30526428
6857680
-25637867
3738467
48890453
21877643
7641506
33406230
5971673
18256218
30790465
-40990965
-11585696
-26342748
-18729539
-29147504
1281851
37644866
20683974
25439250
8080052
8879766
-4063915
8610639
-9939021
-29043261
-23765361
48971173
-26956532
26087385
19006893
18749181
-49767867
-27227216
-30205852
-8489619
-492927
-6182247
-12445156
43057355
-43355010
-8778241
44214489
-15529202
-30654348
33731764
9443632
29279777
-9977847
27393472
-19412828
-25196785
37170686
14371952
-37700467
-33916325
-43288561
-27123430
23265920
1929830
-3334463
-31159013
-43677082
-23122884
-13532051
-40452215
32078163
14271129
34051032
42836857
31785051
39509663
-28205883
-15446930
-48904740
11786287
-15416183
-13824355
10445318
-19555179
-7195396
-33536502
42551118
-37947544
-24120668
11171980
-2985124
9433144
26644348
-22918578
38780288
44783552
7573247
6601886
7047790
23566817
-7554286
-29372847
17243027
-23902180
-8440934
-44096389
2454511
-30300813
27929979
44350417
-2086130
-22560758
17173688
-32935233
43906473
29196536
15336764
-16234337
11121804
-5005863
47487428
-18966577
39717492
23166430
-25781359
-24312247
27327271
22034993
10199830
15770290
-27965013
-46221844
-8746762
43492435
978677
-15554649
-30153741
-36267827
-40849821
-17062702
48927805
-23844397
-6118540
49068106
-2991108
-32424680
27527454
45070061
10969427
48508855
-13705673
-32987167
-411630
-47754152
41816952
2978735
49083793
4389084
-14761237
-22782945
12714953
-35782253
-20641141
20992220
5445538
-23170705
13541092
28266751
-24684686
31243005
17065840
19793173
-7488711
43180614
37935805
34473205
36273150
2674583
12316994
46709419
39124171
-21800723
-32098526
-15764772
-41445763
-29324812
-43576984
-27050622
-6127984
-32358769
13074749
-40837252
26404581
17375777
17655333
-15418833
35418096
-34677314
-46982505
4927386
4265273
-15442003
-13096824
38039720
11525411
38863207
-29713527
-13661027
32019660
-30345179
31989355
9660227
-33203678
-34942678
36103056
40586196
-48525708
36273119
-12744384
-33047798
-41577368
-35634730
38861000
45127854
46400241
-48303987
-37610252
-1018749
-20331614
-9175226
-46999101
-6440674
-47277219
37038572
35861162
6346119
-35066475
43703910
7854860
-2770747
-23054924
-16442107
48476843
42882715
34942711
-46346256
6569780
-7773751
-17484189
-34165835
16198981
24803517
-47796496
-47588578
593584
3925867
44672067
45735899
-48221926
43143086
48850668
3152221
22200580
-4149370
46418916
-6555974
-34218736
34020877
23480171
36267076
40893280
45569406
5216187
-1340079
45579712
-31953214
13234174
34322315
-9920510
-44965057
-8304469
24829523
21224216
23420611
12399872
13971817
3590955
31804885
-35642785
27058692
32755144
-623668
-10400603
-1083281
-47265229
-48468644
-7936189
-17568556
27775758
-21624498
22154279
-11086931
-42809221
-40318265
39465953
39415238
-32285466
-27170125
33797545
48098815
-1320799
-41722371
38375290
-11968865
-16962428
9205664
-43817779
-36241854
-20581027
-10681839
-9525943
48048559
40646518
-46602151
-2138538
-11715154
-42162755
1175078
-8621357
-4004348
41587630
-19836975
27822423
48036173
-12786397
-31520732
-37140158
29951171
27454298
-11153378
26164817
-9961798
-14012305
41186913
25601957
-17638594
-3249156
-13893544
-20238365
34865936
-47033380
3237491
-4173845
49958939
28831410
35187601
-32319142
17990239
-11680909
-12886889
33823683
23668042
-35729421
28861347
46450225
41642182
42087022
-2440869
-45321902
3527899
42214220
-30217613
24708453
5724565
34061007
-22268647
21227141
-22687135
-44084473
-44188653
-45129166
-18588171
-32947501
23911505
1599426
30265826
-344058
23905436
49501325
18804543
-2214452
6028694
3101721
-22939606
16771580
-21590627
32664668
5305385
48681514
21560532
27394115
39878290
-25604954
38774814
40027012
-4383919
-46277363
-15313517
26773080
-23415904
-37325993
47849448
-33790702
15545208
-42414025
-512243
-16600270
16666548
-9648918
-33057096
43671844
-30226326
15570062
-3288990
-34011359
-42707993
31054921
25862527
-41424665
49822568
-21237791
49754613
-14209504
-28519767
-4760685
2894176
-24880816
-46702985
-45971635
-19747186
26922497
15904355
11962265
-32903532
20572810
45760467
9608783
49098124
663057
-12695138
46666253
42529656
-31088167
4125140
-1660795
-16237275
12822605
48475307
43913472
33778832
-43566843
2367472
41148652
42924872
38440217
37858687
7637480
8914559
-7656098
-2627364
-1792701
-48297062
-33221352
40124901
-35700157
-40982813
-23894547
48235345
24715913
8477235
-44967466
45031212
15885985
31427460
-46070808
-21434975
-19168626
-24182093
31753737
36457191
4821841
34236612
-34629653
16255934
-43382688
-23362893
-20232324
14322241
21243601
9602681
4808413
-7574559
41879675
-14855511
4224536
-44813217
-40044306
-30867096
-26258651
42005067
-18615998
-24498384
-16134428
-6522649
-25686393
-13601753
23071302
-36789784
45319282
-37901175
-29943757
-25198736
2793595
-41054859
43777375
-47042573
8862892
-28483797
33767977
-29575924
28501183
18979810
33817881
-5266880
42089757
37657562
44931912
-12592860
4300914
15367323
-36306470
661867
-5742771
38354104
-22074863
-18355959
-23106552
13863574
-40675258
26474654
-47695997
17371310
-22651343
-14049660
16161505
41618890
-11334812
27560035
-44834059
-44607627
46971632
3575982
-29837826
24739397
-27700909
14637355
-39859637
-26005867
-22066453
-28049818
-37043131
2295899
36656331
-14511128
-7259147
-12814752
-16619430
48731420
-20911793
-26230704
22623373
-14176089
14110691
-32852805
-48778843
15004324
-16157644
-48198204
4681245
9861310
3890699
-13268481
-22477796
13205355
6473208
12727512
-37976077
48994506
6401398
29465075
-46268891
40184887
15245618
-19505556
34511209
49054373
3047730
15465300
-5681531
11634539
-7611112
-372448
-37377662
19759463
15251459
-42109855
-46815775
-42949000
22358729
-17539068
13183178
43988215
5198584
35555296
-23457950
-46700243
-21241136
-13902533
-34752085
-35773685
-17150080
-10689941
-37764721
4725446
-841019
-13902553
27220488
-36523824
-18177817
-3717468
-39863860
-46337407
-30530112
26186253
-49271892
-8625117
10588969
22878147
3277151
8271469
9757697
-21776328
31387658
33260741
-14534959
-3375854
38584297
-20396023
-8869481
-27330784
-23201184
-27939898
-17496243
48925782
-30871677
22584244
34101440
-16277568
1293175
-149178
21768096
20572715
-5974819
25373465
32892162
-36779560
30016028
17623385
5566463
29432792
-9026987
12750223
1361885
14127567
-49227922
-41011200
5291289
-16411053
46413945
-17883478
34381331
21694897
-24395067
30605837
-2821431
-25030243
-48178517
-42493432
34229142
-29626809
4809947
-16759146
-24942381
15853960
35307471
-23610249
29221044
18150767
2882883
10370306
-48100816
1084236
10675313
45180189
-13537275
-6239009
-4633790
-20513479
46704938
-23640144
23811679
-49631522
38551982
-19339892
-41893691
-16158677
32310711
16859043
-3769369
-29387731
42592047
-34300395
-12729048
46187647
-7617042
-27513003
-39959138
8675892
27534925
-4061763
-42775021
-13847663
-24695933
-32023905
5120005
-41523063
37705524
-5098831
-27766628
-12648907
28626513
-40355918
-40153350
-30135616
17411831
-4746614
36873877
16679434
37724501
-21135866
-49615178
-31213695
-27267796
37469444
26644943
46557439
-36000402
-32455360
37620889
-41300715
-39582771
-11791171
7220325
23466373
48493269
-40469914
8100045
23889645
30819872
-30365639
-25419715
-3427768
42983554
-27967557
1537553
-15091907
-30367180
-20716439
18080115
15802250
17094401
-23780283
-15725240
-49756959
-48868855
18169771
-21672717
-34446788
-47804440
-1795403
-43743844
-19037950
19773493
24720732
41414853
29768250
34588958
-7040124
-22659916
4255169
-48053207
5702323
20222867
37532516
-46995115
625578
-23757401
33792568
33636597
-46151438
-23138733
-41679704
45823422
-47944177
-35819715
6173416
-42390914
28961388
-23044771
45525450
-6123247
29309361
-22883468
42267590
-2402482
-10908191
32072994
-32921544
-23621596
-41079769
31525452
36055844
19327934
11042449
17055663
-23489397
-38685703
817128
12414177
27246061
14299053
-29846549
5381155
-28724522
9578233
-60064
-33474397
-8128480
-20387453
23064201
24331253
-36127355
-19287534
18729016
-14192502
-42083860
-11915247
-16387630
12289511
37829474
-45205962
-43937126
-49062229
48335024
42776463
10001684
32880040
37043905
-18466291
2650707
35805458
-46233967
16429339
-31876666
47966683
-5330983
7726947
-20370913
18524171
-34450763
32820218
-27199992
22116322
-12197520
-19418806
17354515
10817659
40832012
12056954
-18711321
-26606258
13633765
-44581843
-41104665
-23529557
-36843688
20415650
-25713652
-48307970
30466155
31860433
49829212
-23940185
-26810799
19478737
-47533572
-45599419
-1575186
-42216926
-19065710
43595624
27691110
-35763545
-7074693
-16137104
-13945456
-33737165
-7331648
44117957
40621755
7535561
15205217
27861052
10293563
-31104973
35788198
-21298911
43637493
48272314
-13775220
45630736
-7383146
-20575147
-13105388
3731566
40157660
21063603
36810780
-4618190
230806
-27601089
-30985378
-34212351
-9462311
-46022041
-42550844
-39946093
-40609775
-4866820
5704636
-41004150
-3762482
-38961886
-3162446
-40072322
31928571
-9578804
-36824385
36064529
34261097
-21085735
-28581309
42353210
7646794
28477892
35837864
46336496
-12264536
-40422582
-1929795
39306284
-7094061
37378761
-18840339
30754894
13825158
33583149
-2826337
-9854265
937293
17602650
-24932923
-30842586
-12761441
-18066604
37758491
-25321490
-34311210
-5645482
8830067
-30419205
11475412
24486591
-14656441
-39843827
-33648807
-31423607
-28235937
47115507
-21620780
-13742335
10777041
-45342190
-45143841
9714460
-26355226
48950514
35155821
-24729722
-45296240
-21929129
-11556450
43390375
-46919947
24374488
11809983
47981485
-45909925
43757260
17240108
-7029469
-24184498
-6228735
42791984
27259879
35447895
-9486366
39148457
-39147335
504566
-48453832
-42990762
-39596039
2026259
-24997061
-44233182
9143873
-11628989
48568290
37191651
35730088
826249
-32841277
45488217
27694244
24973277
32557290
22276949
-1029820
-8847822
12809204
19326572
22952597
45162748
33021063
-8721263
29882222
15962340
-24752009
49699185
-37258520
-22685972
470710
3840479
-27551962
48772240
37547362
6374791
-44032146
45744829
-18204384
45620128
-23328702
7199274
-29717002
6895917
-43236482
31345836
-38176985
-13061780
21105182
-21804637
15146833
3961520
-36682696
-35334676
45575021
-25322127
30294066
-30884578
28891839
-40077413
-30606595
33466949
24591758
-21695605
-49425780
-22761620
-40647537
44276703
35285986
-43080548
8276372
45589208
-9134238
36978393
39050736
15824741
-25271510
-2115746
-21272221
43908985
41373133
26341046
6214161
42177410
-14569038
-16298946
46863173
16341604
-5648364
-33256378
-16768386
-18611974
-2539488
41893066
-9181449
-37293777
-9287269
-25274967
-33457371
14953586
-28699767
39433262
-5075928
-4388365
-16056072
35666460
-3550024
22946780
-46755289
-21555417
-47311749
-28899480
41884482
-34280078
-34251714
-26291691
-29722206
1348035
43273373
2556684
-16354137
-49135567
12385222
4325168
5721175
-10600019
28082172
46960773
-11478851
-49083047
18434227
-11998650
-11915582
32960248
-18996068
-40006978
-42631466
-48462446
14737299
-42127384
21885769
-47308973
-30182010
-12440815
31274320
-10950895
-38486644
-10160705
-23237448
-16730498
39584330
35838067
12062113
-42503065
-13061378
12625684
-2517145
7788499
4751511
-44463984
-8313489
-25151670
26305386
-10879075
-17664177
18130904
-34456569
-12225432
-2808922
-36262851
-26441108
5561543
-46621191
38148411
-38565010
16346451
35297420
48021553
-35077879
12277883
-45090940
3009109
-20104095
2396684
-22862347
26453126
26050662
-45874240
31601255
48021659
45499734
14254142
-8344412
18168188
-27627003
-36060938
5241042
-7896635
-19933764
-1049086
-9190012
22127496
24156854
-38411617
13855247
-9110197
41151169
9158543
-4702226
-8366022
33456119
6914027
-22279169
36974420
-36053452
27303752
-14499905
19738377
44046676
-27757932
31918133
8107074
-44630578
31145704
-8131276
8487373
-33578327
29641098
6635410
-4862578
14115275
-39901293
25631113
33307690
32522465
-9822129
28965179
-9219100
17078450
-19024402
5150855
17531313
-5959070
-31893520
-46384695
39177099
4977153
-31456015
18451902
11410038
-7394432
44293619
-8377142
-4759012
22278265
-19552657
39958421
38509517
36148215
31095004
-28810405
267287
-18916068
-29664211
-1482185
-2757826
-10680071
-6340607
43168300
-16777610
18610268
23563293
-48841209
32462756
-18852765
-44840889
15187088
521926
-23040200
-24629653
17331346
42516142
2569749
-3783594
-38138563
33690399
-30371412
-45308672
29400362
41937861
-34128550
-40072434
-34320028
20936355
9605225
22348284
11627128
37039895
-33258839
-4591437
-17701298
1187908
37634184
43618073
-20601256
2759299
-7497398
14604632
5113224
-15198213
46706604
42727484
20087336
14357241
9634617
17541248
-26570521
-35314695
11803971
13193733
481026
42951874
17485184
-30536766
26764491
37331101
17013209
21692133
-29763383
35330076
25646352
-6219140
-12501927
24634463
28740002
-18231516
4815279
15272798
-9722392
-47558486
24349832
-39319034
43013051
4523775
25951838
39290680
40307647
47299865
6943944
-43872610
13544852
30305462
-35850330
18357016
-30187803
18830839
1957595
1889378
23282230
-22636295
17295196
-41603198
9366133
11645814
729492
48723791
-46856558
-3447039
-7604024
-46311816
-25717025
-10398912
48810628
-40688484
-3946963
48245585
-4286532
-21509684
-27680090
4456409
32423964
41271777
-30002577
4731227
-12292219
48787282
3272514
-33111077
-6198422
41346195
-47423917
41723241
22564863
13373835
45813347
-43818544
21185078
-8108976
-42689165
-49532564
26978821
17612533
-4196090
49838760
5937107
-27593254
-35166933
-41958985
-2850008
-28738531
-5950065
43688436
-26926064
5447782
45360930
-36439765
-34707866
23342792
-13419365
31297747
9016755
-37445672
-6066763
19731330
-13507607
-23948701
-7146294
-48175636
-17941021
25273419
44457303
49352703
6100482
-34200384
43905196
-45354758
39006995
-13468409
-36175602
-6994687
-28693251
-17317284
27927282
15446076
-28235875
-40197534
-17116998
6977616
28024343
-30752592
-10291850
-14719590
46453989
-7030410
22755174
-28957345
-33733193
129730
14756484
-34581474
3287058
-13218161
-23193771
9537175
11627461
22467643
1760075
-24784258
-36699836
-13277173
-5938237
-39811830
-5770306
-30696751
-19756429
-15281872
-14844941
8875540
-41035272
-2639326
27770973
-3561792
-20158179
-17736230
42234946
-3315484
-10825450
-30616869
18312187
33302630
21424217
15704269
-41851667
21875698
16823400
-5174010
-760126
18812726
-17050596
1468615
-30572714
-22682559
1186229
26137333
-44532620
-17510360
-47384194
-10708152
-36162622
-15623493
-1211212
1702390
-29555705
13398374
9246553
8597853
31496265
-22245569
7502290
-39091803
42978621
-35407084
36975719
40250430
-23151557
46905148
-2544878
34645931
37949165
26470378
49679748
27181626
41341505
-4009255
44760068
-48513736
43727045
-41240282
5244212
40849462
-16635959
23098364
-13920752
1115158
-557742
48530020
26895935
42606133
45641478
-44711852
6893106
-37042927
-18498730
-30335686
-44254764
-31511156
-19976678
35099548
-26112953
33934910
49543264
33664151
23081812
16847230
-46817675
-44249871
36533703
29170190
39134145
-17691516
2324803
-10165711
-25547834
-3468354
21369047
11707017
-25111980
31605285
-26133170
-38167589
-5846999
-37081898
-3516792
-25398659
-4966996
36735478
-104925
13899501
-6389580
36046921
19588814
22910279
28835986
-40309104
-3389908
13758265
-18189436
14650978
49998727
-34673560
-29095911
-15195214
-15625111
-27753959
38210298
-23723112
-31762251
18640634
3016342
-15282465
15294107
-39081677
47200562
-32431652
-34428664
4065724
-44184238
-24104623
14623804
17287169
-7882635
-44394946
47039911
2790191
-13045428
-7118624
-28561151
22300382
-10274610
-39050849
9432969
-41558739
17038021
48606538
26924201
-815293
18388344
-27233235
-29960009
-6478446
-42495635
18882465
-4129977
-41544892
42054159
33174730
44071681
34822049
-28171803
-37767162
-8812681
15925916
18704065
33438958
40913674
11151388
-23840418
40432297
7499661
-20486457
27548083
-7613578
5259530
7399493
19870365
48865618
29682820
-16882835
-4955112
24005893
-4851325
48248017
202262
-10522086
32256348
-45231391
22313818
48996715
2358634
-45803061
-47458569
19992463
2695300
-46357885
6239578
45868576
22020674
-41181219
30380020
44091732
28562018
40695690
-35661438
-17255739
25715274
-28607050
-5776352
-338353
-25337594
-28757704
-45194297
-325559
-21576271
36051190
-2774136
35131045
-2165192
-20844004
-35958684
40925231
-17965365
13555835
-637706
31321492
47506111
13415856
22498358
31267759
21866856
25612067
11371490
-7218720
-40939959
-15486709
8552838
-39906189
21269873
21498770
34540625
-47828204
-46486407
-15067768
-32966699
-16386361
33775315
-34181176
15760848
-19109978
-47494662
-18561083
-16514826
-36841160
-35532495
-42597746
-40350223
-44613412
13567488
3604630
-1317042
-34289811
-43775310
-42486638
43734583
-16482164
-2287618
35739456
4797495
2682056
44965049
-25631914
-38617185
-16368597
1586271
-10624304
-9487403
20630804
48540259
17223767
-18747289
36238673
-34110448
22140019
-24743212
-24979807
-26772085
574397
-37989530
-34007810
-26347529
17467782
46101666
-14000456
-17170527
-25103809
33714458
-22323391
-16028540
-44268247
45592594
30566471
-13743126
-36096642
21874100
8804037
-26317247
6566250
-44408440
18945889
-13769541
2308993
-2143731
-10742590
48709721
-37594670
-8759967
-10355854
-4185907
-20981200
-15113952
-35650521
-25188519
29867492
43810931
-16075107
45693894
-29938779
-28454570
25606923
16299268
-36779220
47411176
-25036874
7770379
-49210551
35137675
-4023933
-43597075
-28716202
-44010046
36731443
2739006
-15064704
7636870
34774560
48000890
19793121
45260033
20938090
7119483
43177752
42963079
-36476014
-10080210
40884079
-9148240
43344692
-23887454
-14366718
-28213048
-5359446
23386429
-35160079
9456093
4539625
-20455935
-37375020
36280684
36045286
12851109
-6025892
-17406055
46502586
-16729655
-47396257
2795496
5860941
-31957539
46182641
-27551108
-16700868
-41653554
27341835
-11133510
-12443093
-2982238
-38124065
-37280314
43317596
-23657474
-6465729
-5146733
49007593
11332631
49829309
42423749
9006729
-28116910
-35227335
-11750609
15411005
-10254812
-39357013
29827276
8472126
-29774465
-25483536
17157616
241086
26434042
35654605
37759695
47408815
-39596261
46466761
-22922026
7432022
-4296890
-9027353
-20429863
-16653134
21954061
10064052
-30527149
20734054
23467442
-24073616
11486904
-2342404
41744578
49327024
49422691
24250979
-27432895
-9539818
33358456
-25735576
-1800736
-22848927
-41984807
8423865
-3859564
-48193614
-8830406
-39985668
-33074643
8230555
-38799509
-4843347
20183129
-17011095
43788602
33220919
-23016020
11769145
19699432
22561946
35180316
25263023
-13696767
19813856
-11301406
6249766
-282881
16658131
-32368605
-19557905
24071923
33518262
-43672003
-45292273
24450878
-9223436
21537308
11680591
-46953548
12932911
-28459007
15278252
-28700562
36622924
-4621056
43083894
-922020
41300422
-48370927
24643508
-27877006
41107413
-12592073
-25638901
-9179074
39007707
-33195929
11646519
21743935
36417151
-45451487
35653538
-15703108
33633503
-42126167
-33190284
25715311
-29990622
42545085
8333423
26636884
-24432541
-33167258
-8478403
17485851
-24943884
12794748
-29315665
18118266
-6685703
-33613836
44945053
-12006799
7069679
-9699215
40507261
-31400291
90942
45832288
-46934716
-16832401
-48860181
9428704
16339565
-31648201
44436271
-6050622
18499072
21247425
23346875
11433009
-38839653
44132883
28239472
-29113421
-30386259
30101709
15913166
-16749893
22797744
-12151098
-10380027
30114923
-11969295
40533904
251859
-32778346
23011358
-40453207
18738735
24161314
5734011
-14384360
-4779621
-19546195
49859130
-44435237
12252243
7283412
-45566801
319761
17233031
48238072
-32746654
1347485
-14382092
-44570989
-109700
18364748
-785899
-23232484
-26249619
39129381
-40533313
-21058477
-4327655
36873884
-25816931
45376461
35846851
-6072563
30632675
-39805504
-12814395
-5370747
19249673
2673258
-3196189
7673853
-35822615
40458221
6860222
24418152
34117906
-36388949
-7172910
15861169
14932250
-3452255
28000277
26343321
-34343509
-26728688
39236546
26234396
25915805
15798971
119789
15218640
-5407441
-44295253
34119931
-8863003
30169848
-3289165
43581958
-46153648
17312481
29747888
44279187
1579840
7610003
10588956
-26685814
21865653
-22613110
49642691
-13626987
16919224
41267421
45837878
-5754123
9344570
10889918
-46521619
47985575
-10376651
15437048
-23473561
-46472363
-2780497
10507360
13635717
-339202
-17254887
42666907
-6042545
27405029
17121807
-2344805
40042480
15348911
-44805403
21122208
27294175
-37029119
18478432
47883966
10613459
28667669
43148576
3505510
-8518519
-1690881
-47004875
24833417
5565036
-21574070
17645204
30806674
23837196
45835122
-33502381
-14711700
-46417209
-4064122
9928369
-47953149
20989867
18667193
34880442
-17565935
-31207837
-34417500
8707510
45735947
8838955
-19902451
22943260
10780736
23378352
38197724
-30281262
24809215
45963329
-2169383
-22108235
29152073
-26661244
18916348
16815355
28131697
20203699
31739831
43839192
26497777
45453372
-21659267
11881105
6072183
26982693
-10309793
-14500356
4887842
37230506
19240824
-26985936
24612180
4537811
-20936169
-8214326
23550453
24321495
47721114
2274770
-24742890
7848446
-36919269
25154866
-6981423
22698150
-5318455
18848490
-23290498
-35244026
-44563928
-11246419
24000105
-40919883
39449114
18393936
45493070
6937700
-41212328
18501289
-18356276
-12507887
-2543306
-34979338
-13382923
-28642537
-32884077
-41186142
-47447479
-35770168
-43204560
9179898
-26418065
21162699
16166041
-43193334
-31935020
-11318758
45596387
-6568865
3607043
-19267206
-19460757
-34908335
36096210
9606661
-41975275
1217482
37522419
-16856592
-34711436
-18539484
40831577
16785214
-25667664
23710494
-49203782
8995771
6738471
-6138062
14033319
22266872
25489105
-25309840
-36000937
-12058086
25077662
-1902290
-43874563
30169765
-17741952
-34340214
6325356
-25206307
-21936446
330773
-44880619
17051956
122610
31686255
-27903933
-11781235
-23643719
-38859385
-8755085
-17674868
320357
48636564
49551909
49691415
648202
46656123
-6854198
34688647
-17428281
32284318
37216331
1527810
18182357
-19864307
2595620
32748592
18109426
39428053
47768938
25814693
-3024061
-6980459
-24681555
-43281724
-38756866
37887392
27361723
-13717870
857446
36352552
-26822938
49252211
-18553166
-32939713
-39196317
39416322
-37184316
-42977405
-42032198
-13203998
-46148520
-21467878
-27680298
-35478060
-26644103
-4018880
32943339
-40340446
-9094386
7779729
43772938
-3809577
-521886
-13743859
-45094052
-3635566
41820664
-22289219
24260943
22904866
35721326
43433838
29403371
-825580
-5781241
37176035
-23385035
38566125
41346921
-32033425
-49420281
-21601014
-39693076
-34512689
11576035
30777143
-452320
32016649
-45041157
-3151238
-44301830
-16851423
-33323424
4761454
28295266
-21926243
-44980535
-26211504
-31148912
-7260647
-6460455
-25203266
17727865
-29129282
42931817
-27619427
40155849
-44533708
-38742175
44406549
443768
2455469
-28695062
-15513018
47774611
25520825
25402909
-9326620
-6924357
-16803785
-17194061
26096196
22540439
-2500765
34239377
2849598
-22448567
36606051
31669038
5989913
-24001094
39734549
19027335
38339664
43508337
-7235419
39437399
37122308
6040450
47935750
-33111214
5008327
18611469
37270340
-32922728
36071541
16771317
30528201
-9808274
15492841
27481028
17879804
25761053
10029003
11107251
-11505407
-138935
-38214958
4390907
-19991790
-29843106
40940614
44534920
-14350224
34740885
-39154231
-11345152
30526446
-35376998
-45024262
8540028
-24856854
30223376
-30647675
-2455870
-16246098
41348604
-30395494
7183437
-30773783
10129476
-46493493
-49271468
28246003
11136538
42362069
46088545
3467863
47980279
-34732231
37760323
34448507
-10945409
49742135
36746007
16543313
-37213431
-33948530
12406523
3649866
-8848909
24324683
-28655734
42307432
-45218178
-48426298
-26396631
33136283
10901017
-44346192
-713105
-101294
-7718855
-7529831
-43319983
-15443175
-44160423
-41802698
-41562827
30110702
-31270190
46790348
43998668
37974766
28762102
-30490308
38995397
-20191913
40288276
47751876
-46856334
9813702
29087396
-29106781
-3328051
14693156
-11983714
-8107767
18748880
-42684653
29533918
5929431
-34130023
20274184
-24206360
-5164615
-44074189
44307946
-9738806
20716770
23900640
-11633548
-18069272
-26607956
45511551
13083090
2804529
22715699
-29578305
39461761
1224156
9787309
-13872399
11004150
-6324925
7640167
-9854415
2754809
10174202
-16103409
28141995
-3733701
-33383812
-8857209
-22055753
-37209948
-26961804
-24553389
-27953035
47753876
-5132424
37921017
-26640470
23456407
6208570
18899323
39418796
2163714
7490520
34196605
-1161472
7995731
-33916661
-17216386
148823
-43985095
-12516075
2477361
39063803
40591949
-26783122
36258984
-22152218
10330117
15085871
-5260930
22198995
14571588
-11665733
-17063147
32316189
-22212837
-30717642
-14524607
28671574
-45917601
46510349
-34675041
-36986201
35134932
-17476728
24068379
-39847223
20597410
-11852914
42437303
-48317100
-14665672
19005964
472470
-36208060
21042070
26830880
-38598321
-4652190
19016357
-23927381
-45124403
43628939
-27667709
40117596
15755662
-35915298
16559805
22403431
22760929
-18944856
-32154627
31403852
-43445545
-12652388
12072895
10625526
-13926682
-34800296
-8996999
1170936
15652347
-38581141
-21463690
6409974
-8704277
45386216
30433303
21330864
-21184211
47969232
-17758459
33097520
-35371042
-40350681
-26684130
6782863
21197216
-9867379
44608422
27843395
38420860
4035217
7042992
-31828307
43968809
-20315702
-19464836
33563635
10964250
10628733
38939673
-47043293
28297638
41997909
21122343
-29525296
-27908266
-27248669
45627145
49523070
-37396548
-32601849
-32184675
-5079100
-30724302
-18705289
-40823277
25480328
10421974
-752787
21816494
21508103
40716135
-31894243
18201039
-11262678
19679562
10102665
48204582
-7018221
-22857409
38371162
22918037
5913762
38714023
-49386937
-31619434
-558515
3527943
-16109338
34997641
-25479697
2902228
31059841
-49063084
49145503
-7336729
-12530426
-17680905
-44095716
-47382448
-28828691
-11836883
-26140246
-26544702
26108042
-3382713
46819923
40634943
1795444
-43843138
49433322
-31151379
21436885
-45362938
40822679
-18360248
9398078
-27956763
-18130538
-631379
-11966237
-37996197
32543356
-23864310
27746884
35984365
-49707967
21000070
-39006206
-23094212
-5117184
41355466
-4482481
27542500
18261513
26741529
25663231
-45904179
22579920
-22818074
11994834
-17035855
14840739
22847282
8664730
22103813
48409662
-33806280
2919829
3546464
45531738
7200727
-9464560
33034994
6783763
15492503
33341874
-9441319
-33873914
-29509338
-1909111
49598917
-13721589
-30407600
-19691598
2550168
-13993206
11027307
-17114719
47493157
1109732
3444599
-44147825
26708661
-43859760
49869523
38894856
-4520517
15824632
21832087
5450306
45150027
-9760970
-840658
-47193292
-8683987
35473959
4040784
-40689137
14307516
22654982
-8461507
-26602056
-5641538
-18999812
-886799
48727245
5132490
13936941
18778172
-31131860
34009948
1839156
43222691
3855368
-31125238
16080490
-45528288
-37276752
4831962
-30097108
1534650
-42145784
26725676
-37830695
-37309306
48887134
-26565963
-15444099
43680815
21910010
20970382
41117764
7337115
13723952
-36391012
33873081
39728745
-7772624
-42956057
-31595892
16283679
-6772109
47813629
45887637
-33198812
-43381723
12344477
-41836275
-39211128
-2404388
-10939104
-14827514
36648257
45212287
13252800
-10536126
32131444
-48918195
-41963274
2485531
15835359
-23266282
-14967990
14827930
-29852495
10895979
33544323
40900364
-24968652
6431679
-7734526
-48093743
-7670364
49923501
24677754
32111602
-33861574
-42373012
-23368830
8123716
17341646
-39196999
9621231
-9636123
-30071241
-25136969
48568227
-10035170
12084257
556744
-47986514
27442725
-22675722
27524809
-18677899
14751295
16759685
-37150110
32354631
-18370427
-23606127
-23707099
-2101958
-47099291
42159896
-39756608
-5654324
-15709415
-33089509
-10590070
-4321175
2112595
-34864606
15511569
25786164
-17601824
-4999363
32677431
38483709
14645149
-26753971
17478319
-34710026
39756664
2347316
-3677450
22034299
-18429075
-11318884
36215439
18791737
-47611351
18253931
-28474580
38841874
651147
-9145086
13327132
-44042474
14308729
-46490273
39954801
-43790377
-27262938
47222355
-17402143
-18351446
41079860
-36731155
-39216689
11485378
19133441
49488567
-39084102
13409457
-41233922
-25858814
1730370
-17393875
-42630199
-905917
22153891
-42954892
21697984
-586343
39118112
-14974224
-39973535
-38863630
5237901
45330712
12276963
8399245
-16984643
-1810703
-33627302
-22792177
18565144
-48965397
10552549
-9611669
42718757
-9062672
44542778
-20171750
-10734216
5949530
-4164868
44478374
-27127704
37137937
23264272
-35410440
31619173
41372911
22512054
-23105177
31075654
28583221
16157118
26241728
44868247
15113087
7152199
-11196503
-7877429
-13244792
2806881
-6995315
46993542
39327753
-6584797
-24598235
-10741942
-8927350
13436052
34345656
15636998
35375301
22948547
19409704
-15815571
-14924759
3652912
-45775709
-6805397
-29968728
10007798
-49355968
24163417
-32638321
13621402
49197578
-47636747
-20309931
29795007
-9556698
45031535
-28306895
-3994036
18682947
40289367
-41001360
41971919
-23635982
-35164809
-12497454
-43841026
31592967
-11538271
8793483
49527584
-15452386
-27524313
41637289
2764432
-42249878
43388947
23954667
-12532478
-7078256
12558506
17570892
-39766047
-9804744
34229399
-13678021
23376620
37624751
30805258
-13077151
16009614
-9585761
-13092482
-17469618
5035902
48269877
39984025
-45205188
41676122
-20728649
-26958084
-28540266
-20583313
-9028847
-15476773
-40946202
-27886596
-21161780
-5293881
-12335574
29089228
45949508
-40687153
-38863784
4124501
13887836
-33795937
-49640800
16763431
-24271763
1229957
-35096655
27528051
30723870
-19510715
39311593
-10793858
29857040
32469312
8357959
-36656250
-41284765
11970535
17050558
-4522248
41408521
-18423165
48677070
-28532820
14433782
47865148
-26749960
-39947944
-41359391
-7689748
-6129107
-15792690
38829040
20020873
3829770
-6355323
-34148748
-34189527
-31892490
-283887
-29880252
705533
44383806
37855328
-35872912
-15781012
-26290731
-17285630
43926128
-37840850
-8610265
-13248318
-20877444
10431480
-26627829
23085667
9571621
-4694402
-29542802
21539210
15041965
15797921
31375587
14772257
44352855
-23664766
-19686174
-19920743
2903699
25658785
19108870
29736059
45636046
8467257
45245544
-22065891
18335132
33056727
-45155074
16081609
44712748
-34440324
21720149
22956860
40586250
-33288604
28899745
-25648159
49377564
-46848055
12072745
-39216065
-39316660
-15219804
-24256841
-2484969
43797302
24327900
-19340816
-39919115
-40589794
14018570
-11034171
12958148
12005635
45437362
18953800
-33594258
-15806865
-48498658
26174303
-21894658
10312099
-11938420
-46884929
29974888
-18021279
14660302
-34386584
49540758
-26015151
-2464065
29840671
45535669
-35438517
11960400
-28021815
-1326646
20037325
-39336057
-19404121
-17183096
-9334877
-17937306
1385966
-1639470
-34694584
33535117
2649147
-608850
10042126
-28515654
36621647
41933611
31742018
10354138
-31088604
-10335679
-2009649
-11337512
-49625648
25622371
28111190
24290241
9381617
-29792642
-37465984
-16116217
-44518622
-6440376
-27767771
23430239
-1101517
-12526095
-16044561
-30227656
4084883
43151891
-4737250
-3130355
21230202
26615389
-36707727
26324111
-39465098
36966839
11546113
21004575
42931323
44252694
-13427496
-47106823
39749024
8919035
-22159686
7834534
-24106556
37667474
-24973030
-7153118
46487078
44612639
28737069
13331631
-38476863
-1341294
-47728434
-6405964
15196596
41939183
-44034130
-45995226
19028639
-13671205
-22051989
49694923
-23102467
7117927
5221528
-22920163
483419
49568759
45388002
-26024538
2855409
-40309880
34633508
29658530
-42021117
30486651
31557531
-22531967
7185164
-49113286
-709864
9371405
-2520858
24226806
-11049266
21910366
5223001
46187506
-2076421
-22193413
42225031
36124527
4604785
-47887837
20744132
-2621478
-4724232
-12314126
46187000
21215789
-37303543
5855703
-27633103
41204762
17916517
10112169
40095283
19737441
24481019
-33116750
-3748824
-38988494
12859221
-275248
-22014172
20831871
46768075
-37903856
-46591504
2237807
3560544
2399809
23894743
17147748
47782548
-16514856
-36301283
30621513
10303969
47209927
-19729393
-46222658
16076191
9453620
40557179
-43915853
-16071995
-26605997
-1176879
-41488348
41662723
-20696351
-24473012
-15161746
-46066598
-37436230
-31118084
32961969
16104739
5586513
-12338347
-25134929
-18497808
42785257
22199096
29186682
-6391233
2539773
5842401
13808166
-4964723
-46913265
27751252
-43931007
9974102
-15123217
2761042
49552123
-5469280
38888248
20752302
11216698
-2613143
46079232
-2831748
-8116995
-32719346
-27361259
38805709
49068332
21493176
30992483
15179853
11404530
-25771292
-29961469
-42111117
-8450413
25199040
24176934
31887393
-14473283
-34721690
-19259257
-13776589
41099584
43143633
7125505
-48863971
-36568304
27265469
-16123767
49760386
-47655842
-14016852
-32078503
-8095775
32408102
-42199649
36524657
27172289
-7228418
1866530
18815520
-29266245
4056833
2285941
-31630231
13109953
26877245
3860061
17424856
-22675858
42935147
38841621
-17518689
24619093
-47805653
-30905476
-18401011
11692333
45099967
48825969
-29709241
36336662
-36349085
7433804
-31905578
33737097
-27778030
47632192
-49679538
28419267
34383358
-37743778
45925275
-45906718
-8376623
-41778707
41826402
-43003419
41431013
2251895
-17622212
-7602793
39999181
-13813763
-33136772
21237205
-30980810
-9461200
22490185
8271742
-47274729
49222334
9092677
25670914
24289361
-20953544
677390
-16649189
24321003
-49701379
-30090689
-45853672
42361314
16030884
27189984
-3571812
-45541654
-39841682
968211
42619759
-28770390
-20551529
35255850
-31745169
48259057
-43969175
-3827635
-40033486
15461787
24244076
-32271488
32956758
12821935
42249393
-8223475
4075746
5368237
-2723931
-27161568
-22196852
-18373911
26093141
36077786
-45839893
-13211913
16768798
-43696268
-44191654
-40803642
36135401
42876055
39850813
30130080
-9293650
-17948095
6385195
16542931
11776181
-49289772
-46206568
-15922137
-46289978
-21395263
5575843
-17657604
47111917
14638112
41488561
-7761969
-37243879
35595638
-49578427
40444675
-49234877
-3167178
46169219
-15646478
-31700108
-6154510
8004565
-41256316
-27648337
-31733909
38541581
13686283
-11763693
-14498521
-2734559
28198323
21945089
-7873789
-14857245
46473911
23420309
6483007
47611174
-7631158
42836446
43309556
1054570
38126894
-13320360
37779706
4403987
-16803061
-43887628
-2188799
39051509
-44143491
35594974
-44699844
22468413
-34821226
42802001
32875379
36951986
-3934245
21918199
23178816
48012464
11023668
49009532
-28819084
-4687118
23943309
32471428
48001688
-17096050
-46920439
-47027717
-22286448
-45031197
-38241264
1990302
13863321
-49492809
44849662
-30857961
-37520351
-48500723
22820186
32412518
-23561048
3265448
-4315646
31411948
2017257
-1918971
-22481626
17477081
-16969167
14568816
-7880988
-25634488
-5937788
39894062
10183800
34539530
34338718
29222426
-20880163
44954278
26507458
42619293
-40351102
-33945252
12965665
45786146
24290639
35951930
-47640059
-20281873
33190279
34775139
-7941794
25903048
31700453
-21485019
-38073891
21477745
-34783119
-20382723
-16376556
-390884
30091704
11947630
17104653
3038178
604694
10191992
-15096080
-5887437
-48338102
-22455670
-1113540
45422908
48759999
22998283
-42303347
12413851
23874161
16002320
-33023861
22813551
-33261432
-13683120
-40008468
-48686736
-4761022
-46532420
-10225780
35621747
-45098814
-7856268
24983946
27109619
6704075
-45227218
-35316053
34821404
14711714
-24426501
33853110
34787642
-1944115
38311322
-33954214
-13662047
-35802794
-41835257
-13711572
31651163
4065112
-33399647
35613049
37524141
-26983611
-7424809
40972702
8940756
-37524042
-698519
-19545945
10150556
6624593
41076434
41776912
42885537
-2455301
24663926
48361045
13868630
-21196039
31870748
5167982
13479202
-41977213
-28931234
29523070
41788950
1162954
14216250
-33418042
-5984714
-39717710
40227206
21296472
35428093
40075834
30069708
20212466
-34359887
-3117205
-19059434
-21520866
-12853314
-20078851
-47407313
-31424691
6426694
-22713537
-31618288
-21527012
-19932443
16911169
46126040
34472229
-38470731
13075038
-43674061
-44331370
-3565759
-32293114
-22877365
-47023293
-47719956
4984158
37929959
17975812
39710927
11382275
-19107996
-39710155
-42485315
-33502479
20671554
-26380842
-19292882
-34237241
-17743252
-39294771
16526964
15368356
-3299370
48635236
10640850
-46240202
28677962
-46444231
26416448
47130156
44384468
-41775648
12408073
-28899518
-26631398
-49847410
10918687
-33884161
-3007958
-31462125
46865594
29512288
33747713
39614899
6679032
2357052
42482829
14036047
-48441057
37874758
2611583
653644
26331895
-16257468
25591284
8825183
-369888
-1237343
-2517854
28252191
-18113731
27759942
5933315
-10793625
-34904985
-12378211
-13760665
-25254871
-39449478
1143486
31979351
-19535803
42311401
-15975860
-27639076
-21172543
-902125
-9234862
34269312
41822403
-26575240
-22370103
47941092
-2453996
-17809678
-35644177
9494461
-9597897
3187652
14305092
-28254153
26492628
11055093
45728900
10160676
-48399442
-23060441
47938232
-5375356
13554100
8485518
-21791402
-24063819
24591250
-12480492
-30402166
40973097
23540211
-39279445
5494053
-6449743
-19698516
20671198
-1883470
43271423
-48388990
-44151740
28587047
-35497872
19867502
23450976
25014591
29692999
23102800
35661926
26531888
-14158869
-7128800
12099395
-29871807
44069599
-14728087
44218514
-49086599
20799629
-14254187
-1346649
39888828
-32770499
-5769791
7645198
-12986258
-11467087
-35128720
-35868538
44254865
19440872
16524539
-7355022
-43940970
13712251
-9364542
11549962
-10437023
-30307530
35820534
23769974
32306875
37478107
11625105
-36899888
-29676550
-37622374
-43180567
39201264
-37511830
-34038921
-47537637
-17252276
-6614889
21100727
-23441543
-29387957
9218659
-29685251
48463962
-31628707
47292923
-9862865
20386653
38100665
-47503270
-33181847
10496556
-3836039
13023503
-10030333
31920179
-32152061
5043254
-29582050
-39883280
20505985
-3475658
30953647
-784986
-7242733
-14708019
-18100205
14875052
14925053
-21529913
46339537
2670316
-23735859
23694240
-2080424
-8624517
-38543860
3718186
3231676
23336213
30857952
-34587435
-21357135
39776541
35950613
40747199
-49366270
-35586327
17666454
-33703307
39006815
-15878779
-9127814
-48179121
-41168280
3512653
-29375261
4922067
8180606
3578992
47429697
-11513964
49274211
-4371915
-9248306
18724765
-15283414
-35916486
-42914750
-22769436
18093609
10018286
-13197606
3220675
-18758530
7425151
30283538
-11908751
19688196
27098628
14071244
35123571
8330738
-44864928
25369960
-48860517
-5301012
6063539
-39234906
-3490810
46616147
-23665336
27125489
4351101
-6169017
-44660209
23400751
-32898525
34785609
3570818
39111720
-36428450
-7635981
18489237
-12591066
-40119924
13042836
29868441
-35858968
7283864
-22649412
-47521293
12232099
28870043
34165402
6351933
32199730
-10890425
-30127538
14941169
-5440518
-25682809
46044328
-18524059
15387600
33874589
3073933
14681442
-25790496
13815351
29882805
-38385477
-40622805
7763748
-45854442
35090227
-33030449
-22186891
-6553955
-1258604
-7039589
24378495
-5809456
-32499282
22550927
42515996
24740600
-11602057
-19487778
-24806050
33080254
25997114
-37542252
10789069
-38413480
-21557400
-21404923
-29980683
17948899
-41075003
-27089653
-37359139
462194
27814861
44154803
49524586
22194609
11503227
-15546730
17852148
-16299029
43220585
-20091999
-16427289
47204941
-23297500
29213755
29376005
-4817899
-29566314
-31497601
-43968136
-6483954
-32738565
-21145445
-32986928
-45801338
18615183
-37065891
-33749980
-10925100
44913578
-18885439
-12753212
-23929696
30034055
11035531
27145625
-4188661
37287563
34707470
-27731750
-42393893
38566575
8640610
8131601
32087485
24108718
44096974
17473229
23509609
11567151
-2223021
14080797
-13739853
32345796
-39001868
-4413998
35549426
-34196180
-9934593
-11872396
6010565
27722088
42591626
-34490857
44388831
-30569296
-16242912
-32189347
25330737
41037779
3689902
37883221
42084787
19363083
-46798112
-48412542
-12260510
9282680
31955619
9257997
29574869
12345103
-43265211
-17333016
-17617346
5294632
34563024
41687292
-34790135
-16335176
32790941
-35754061
3685801
48443727
-39809387
15803080
-39679091
6381153
-12250605
-45689086
-37294213
-24006173
33781722
3821941
-28609808
-26752810
-48524801
7431320
-8555420
-47787761
46666802
-23025560
8421223
-6713647
26455851
-48449667
1083960
-671166
-3719456
2049735
-22618988
-644224
-14781949
25106996
34959930
34552734
-46394607
-22170841
8076530
34371090
-24455918
29822197
-10618992
-37070494
27208477
-935616
-24621968
12807930
12908360
39766953
-47314455
-18391685
42940478
-19566766
-1207754
15924531
17630693
-4243648
-2267537
-48228161
4434490
-8317282
1990248
-6156930
41583910
35371458
-41820412
-39619537
35763656
13241396
1726670
-15373800
8346515
47654289
-34750329
21613890
6300703
24678373
37493923
-21002667
44587985
-46734408
-45884729
-42656353
38562584
886150
23071258
-38248115
11617743
15323043
48849716
4445340
-25705079
44161405
45828132
-11895398
-30640600
-653720
32741675
-46683189
-41760527
-21142054
30820133
-45496869
43501432
756898
16231860
-22063293
39727473
17220057
-15801885
-36592341
32696619
13474363
3097849
-150849
21846739
-44614989
-40798962
-24459220
26925084
-3829013
-48727370
-14523932
22654770
-27161317
-3845404
-41994368
45233047
31038318
-6359047
-8218712
867400
4999276
822251
-33056078
-23020340
-35122586
13880951
-26632912
-13851406
-41869724
-44513197
40499740
398422
45193270
32739920
-11518284
21111740
3743587
45147914
-42160363
-26049398
37536687
-16598477
-15579594
-16392720
5349178
43807513
25359756
2308138
-33457135
-28234097
-7347479
13842852
-34634022
25294443
31497842
23353914
23091574
-41357482
3550079
-32735181
-33042807
-1201007
16058702
-21348173
-16119268
-16392629
-14077705
23037667
-14478110
33970720
-49323372
-39989028
-46540950
3525238
-8031792
-36540098
16432226
-35193402
-16947419
-34678790
8177709
-17964474
-9645777
43087284
-28014222
-7941116
29285309
48704623
-18576857
46497909
8852699
15957395
-4547804
-14856307
47175582
-3470221
-25945978
-47828235
-6778786
-37157434
18951854
-5176101
-5533697
28308742
-13990449
-25185256
-14626523
-29962535
47945572
27786694
25229719
-49580309
2690390
-32101471
38901443
-22297033
39872728
7740725
-2720670
-30336964
-5097386
24959203
-21184662
-49792311
-26400504
-30045443
-1832746
533275
15673132
47868859
-13031387
-35610564
-9938966
-25097544
-41890782
4305301
-29924184
27562648
-31718555
-14938879
-47828632
3725250
18219235
-2466779
-635397
19034517
37850591
-42614947
-36576459
42384657
-29794214
39474226
-22849319
39944851
21700223
10141727
14366455
7767749
4031958
29602150
40110299
41347104
-10864612
36579483
33596117
21780231
-25684851
-11530316
8842739
-10850047
-37397873
-25961061
44784506
-29067344
-26232679
43421508
-31777225
-17830508
-23319839
-44652614
9440367
4599510
-37616139
1770325
-37006475
-46420914
-9089533
10805858
-10936415
13368030
-44919989
-45945012
9819769
35991184
4088231
-19481142
-26337235
37523747
20118672
-38795553
-2586503
-9684812
34265856
44164814
13709951
-31382690
-26223248
1421329
-5417814
-47582404
23131452
-10926703
-23107830
-36174955
10034744
47523267
-21086920
9132334
39164722
-43985785
22462266
-38882332
-1026431
-47108405
31019224
3140003
30747829
31596790
-33532261
31882779
-9004078
-49609129
-43920001
-46284685
-19700220
-47055246
-45105774
-8789153
40806584
-30599830
3628494
35080457
40446269
8234523
39704254
-27010240
-26415590
30688067
-44956375
6708149
3935518
6882737
-30870225
28169773
4671927
-47401460
-32372853
6290754
30179237
-31822905
4689957
22061383
36460340
-42702370
-31742810
-787069
24626759
16651199
42430002
-21627939
-10900193
-42150884
-41996743
19352390
21679117
-2510427
46352280
33351683
-37988267
-27763071
-31707569
-37763735
-45773871
-8671732
-6727936
-12131311
-36654284
41213292
7746953
41880692
-18083955
37528015
-7911181
-37558189
-40133044
-27791731
8389100
-40916566
49160466
49579122
-32821783
1441393
46066679
7185184
-28484080
43973116
28075735
31901100
-37429630
-33321200
703848
18578017
-28412025
-13125151
15870658
-28113908
49152086
-41935187
44456079
20759857
6941866
-17570724
-39704451
-24676345
-42635303
-29489725
40593483
-24407223
19390405
-11158697
-26887147
-5677643
-19573099
-18013674
21885189
33091711
-34297438
-22740739
-14422384
-32167602
-46084625
-42072892
47241825
-22340926
-48777759
-5468129
-44273945
-9075276
7392358
-26322357
37901713
-38837147
20227167
-37067601
-17279056
44617776
-43818513
-48556796
-35097041
-24311663
-14457737
43220649
10769658
49191360
-18619234
-41730317
48824775
23649785
2101568
4916939
8504782
-602897
7679700
-35824677
20232499
3116353
-46467496
40719955
-19158572
15123864
-28850132
-38239401
32560668
24509921
17447696
-18454471
-34167846
45944176
-12482958
45579257
31796939
-28344076
2824564
-22160746
-38067638
-24602861
27355792
-22974635
3984818
-22753404
-18113635
31108622
-21365537
25870158
18670979
-16621179
39269140
48118570
-12718359
-6990790
40097623
37864019
-33112498
32089764
-28343789
26094338
3189889
12651337
8690497
-36360037
-37101669
-47480011
29604546
-46935146
-5744015
-21999004
-13582290
-11485832
-701870
-29111810
46979739
34293308
-17682248
-19431943
-22848808
-39139181
6836618
45859044
-698260
-44846582
-40794447
-21798008
9788676
-18236228
-43383898
18378442
-49197300
21398798
11667133
-23175927
-8686546
-22216042
19001961
-14308342
46609841
44576773
42277620
-43757128
-25992461
35699337
44824528
6685264
-4817936
34678998
6183181
16063952
-39658085
16277942
30462670
-37174303
-42725599
-30761722
11938552
29566384
-2549855
-450585
18226151
-44170509
16607864
-42525879
-8273441
-20261048
-28383310
11842312
20453627
-15398446
-30540726
-16681248
-16343331
11642213
-19244310
30873080
39165061
-27892835
-44193617
-2328203
12533341
32018850
-46942836
-42400966
-27049409
-45043885
34803030
28611722
-32850759
-41428600
22667124
7741697
-5321976
-12343877
-47192486
-40872372
-12796945
6801451
36203659
39840028
4944050
-24432204
7209768
-18351315
-8767552
12536
-10189677
48431728
11510555
22965310
31822109
25617094
-43111
21108521
41708997
-5029695
-45975155
-7486449
44393804
14620542
7810699
-17401319
-4102509
-44158160
-45802775
-26295608
28692644
44060049
45493987
-5381717
27452361
38932993
-32904857
30057548
45316189
49379956
-33570504
-26049891
10692479
15748457
37714263
-18881571
37214137
44856194
-46092019
-36949111
-2505304
-12632985
-22963463
35461146
-19659364
-33973366
-9771263
10121467
29694314
11708811
42522764
-34773889
16530483
48043205
30519936
22284967
-45634498
-30255507
-38092061
-34304235
-7608438
8581429
32797903
-12917154
23736452
14886133
-23168788
34937203
29511507
-18817701
-9542297
24957870
2207063
-41463407
-11740953
12094405
8831381
44428449
-14894403
-12147150
17553003
3609309
8534257
-39729446
41273828
-48401364
-49182863
-43692001
-36682908
-31043951
-26392012
-4064884
5085070
16706075
49624463
37818442
33557195
15378266
31196863
-49030373
-42093388
-49497053
45436523
11158541
25271953
36798313
-43448185
-20236161
-13314030
-10301708
-26964721
31122551
16263521
24652896
-15651311
12027225
-47404911
39121529
-12142401
-22830762
38927918
12023811
-24532110
-18370961
43736301
33397352
-36635516
34280630
47002616
-28099149
-5242472
14447291
-7872046
-22229148
8113997
31648624
39899390
-47896517
-42332846
25653503
36478268
-7062365
15071211
46237863
25408579
-49722050
12048510
45386392
-1064505
-49694987
-8174376
-28223964
-18545953
-8023544
-44091916
7291793
12928624
38797801
49060722
15521098
44471891
-45330455
16172189
-42161824
-1081877
-17695464
29140193
28509080
41431805
10807245
-23656969
-47171606
13579457
-33493492
-93132
19228767
-29878928
25811311
-5460968
-8337666
29951097
-4708739
20392177
34864871
29197828
-25762405
-19363566
-19903845
36532853
24684400
-34147089
5125119
-17853756
11271625
-49410190
-4908272
-19328418
15282977
-25355444
41012436
-37602791
27316904
5749780
-6513576
1748732
-30099984
-4678026
46708766
-21031730
40192240
40252021
36501879
-5198879
49461534
-37944440
12714235
-29942248
-34070207
-5761835
-17876133
-49597647
-16679365
-40470272
24664337
-16178454
38121074
